start parsing 70 lines:
--------------------
72 10
160 2000 1800 276
100
[1, 8, 11, 15, 18, 21, 25, 28, 32, 35]
[3, 23, 32, 43, 52, 60, 72, 80, 92, 100]
[]
--------------------
iteration: 0, E = [  0   0   0   0   0   0   0   0   0   0   0   0   0   0   0   0   0   0   0   0   0   0   0   0   6
   6   6  36  36  36  74  74  74  95  95  95 112 112 112 117 117 117 111 111 111  95  95  95  45  45
  45   7   7   6   6   6   6   2   2   2   0   0   0   0   0   0   0   0   0   0   0   0]
quality input IoT    =	  5565 	  95.83
quality python exact      =  5807
S input IoT	= [10 10 10 10 10 10 10 10 10 10 10 10 10 10 10 10 10 10 10 10  9  9  9  9  9  9  9 10 10 10  9  9  9
 10 10 10  9  9  9 10 10 10 10 10 10 10 10 10  9 10  9  3  3  3  3  3  3  1  1  1  3  3  3  3  3  3
  3  3  3  3  3  3]
S python exact	= [10 10 10 10 10 10 10 10 10 10 10 10 10 10 10 10 10 10 10 10 10 10 10 10 10 10 10 10 10 10 10 10 10
 10 10 10 10 10 10 10 10 10 10 10 10 10 10 10 10 10 10  2  2  2  2  1  3  3  3  3  3  3  3  3  3  3
  3  3  3  3  7  9]
Time input IoT    =  1056
iteration: 1, E = [  0   0   0   0   0   0   0   0   0   0   0   0   0   0   0   0   0   0   0   0   0   0   0   0   4
   4   4  43  43  43  71  71  71  95  95  95 119 119 119  97  97  97 111 111 111  65  65  65  45  45
  44   7   7   7   6   6   6   1   1   1   0   0   0   0   0   0   0   0   0   0   0   0]
quality input IoT    =	  5385 	  94.36
quality python exact      =  5707
S input IoT	= [ 9  9  9  9  9  9  9  9  9  9  9  9  9  9  9  9  9  9  9  9  9  9  9  9 10 10 10 10 10 10 10 10 10
 10 10 10  9  9  9 10 10 10 10 10 10 10  9 10  9 10  3  3  3  3  3  3  3  1  1  1  3  3  3  3  3  3
  3  3  3  3  3  3]
S python exact	= [ 9  9  9  9  9  9  9  9  9  9  9  9 10 10 10 10 10 10 10 10 10 10 10 10 10 10 10 10 10 10 10 10 10
 10 10 10 10 10 10 10 10 10 10 10 10 10 10 10 10 10 10  2  3  3  3  3  3  3  3  3  3  3  3  3  3  3
  3  3  3  3  3  7]
Time input IoT    =  1056
iteration: 2, E = [  0   0   0   0   0   0   0   0   0   0   0   0   0   0   0   0   0   0   0   0   0   0   0   0   7
   7   7  37  37  37  74  74  74  58  58  58 112 112 112 114 114 114 111 111 111  84  84  84  47  47
  46   6   6   6   5   5   5   2   2   2   0   0   0   0   0   0   0   0   0   0   0   0]
quality input IoT    =	  5325 	  94.25
quality python exact      =  5650
S input IoT	= [ 9  9  9  9  9  9  9  9  9  9  9  9  9  9  9  9  9  9  9  9  9  9  9  9  9  9  9 10 10 10  9  9  9
 10 10 10  9  9  9  9  9  9 10 10  5 10 10 10  9  9  9  3  3  3  3  3  3  1  1  1  3  3  3  3  3  3
  3  3  3  3  3  3]
S python exact	= [ 9  9  9  9  9  9  9  9  9  9  9  9  9  9  9  9  9  9 10 10 10 10 10 10 10 10 10 10 10 10 10 10 10
 10 10 10 10 10 10 10 10 10 10 10 10 10 10 10 10 10 10  2  2  3  3  3  3  3  3  3  3  3  3  3  3  3
  3  3  3  3  3  7]
Time input IoT    =  1057
iteration: 3, E = [  0   0   0   0   0   0   0   0   0   0   0   0   0   0   0   0   0   0   0   0   0   0   0   0   6
   6   6  29  29  29  85  85  85  95  95  95 114 114 114 131 131 131 100 100 100  84  84  84  43  43
  43   7   7   7   4   4   4   1   1   1   0   0   0   0   0   0   0   0   0   0   0   0]
quality input IoT    =	  5523 	  95.47
quality python exact      =  5785
S input IoT	= [10 10 10 10 10 10 10 10 10 10 10 10 10 10 10 10 10  9  9  9  9  9  9  9  9  9  9 10 10 10  9 10  9
 10 10 10  9  9  9 10 10 10  9  9  9 10 10 10 10 10 10  7  3  3  3  1  1  1  1  1  3  3  3  3  3  3
  3  3  3  3  3  3]
S python exact	= [10 10 10 10 10 10 10 10 10 10 10 10 10 10 10 10 10 10 10 10 10 10 10 10 10 10 10 10 10 10 10 10 10
 10 10 10 10 10 10 10 10 10 10 10 10 10 10 10 10 10 10  2  2  2  3  3  3  3  3  3  3  3  3  3  3  3
  3  3  3  3  3  7]
Time input IoT    =  1057
iteration: 4, E = [  0   0   0   0   0   0   0   0   0   0   0   0   0   0   0   0   0   0   0   0   0   0   0   0   7
   7   7  22  22  22  86  86  86  95  95  95 126 126 126 117 117 117  88  88  88  97  96  96  46  46
  46   7   7   7   4   4   4   2   2   2   0   0   0   0   0   0   0   0   0   0   0   0]
quality input IoT    =	  5515 	  95.18
quality python exact      =  5794
S input IoT	= [10 10 10 10 10 10 10 10 10 10 10 10 10 10 10 10 10  9  9  9  9  9  9  9  9  9  9 10 10 10  9  9  9
 10 10 10  9  9  9 10 10 10 10 10 10 10 10 10  9  9  9  7  3  3  3  1  1  1  1  1  3  3  3  3  3  3
  3  3  3  3  3  3]
S python exact	= [10 10 10 10 10 10 10 10 10 10 10 10 10 10 10 10 10 10 10 10 10 10 10 10 10 10 10 10 10 10 10 10 10
 10 10 10 10 10 10 10 10 10 10 10 10 10 10 10 10 10 10  2  2  3  3  3  3  3  3  3  3  3  3  3  3  3
  3  3  3  3  3  7]
Time input IoT    =  1056
iteration: 5, E = [  0   0   0   0   0   0   0   0   0   0   0   0   0   0   0   0   0   0   0   0   0   0   0   0   5
   5   5  36  36  36  74  74  74  95  95  95 100 100 100 137 137 137 111 111 111  67  67  67  48  48
  48   6   6   6   6   6   6   2   2   2   0   0   0   0   0   0   0   0   0   0   0   0]
quality input IoT    =	  5485 	  94.52
quality python exact      =  5803
S input IoT	= [10 10 10 10 10 10 10 10 10  9  9  9  9  9  9  9  9  9  9  9  9  9  9  9 10  9 10 10 10 10  9  9  9
 10 10 10  9  9  9 10 10 10 10 10 10  9  9  9 10 10 10  3  3  3  3  3  3  1  1  1  3  3  3  3  3  3
  3  3  3  3  3  3]
S python exact	= [10 10 10 10 10 10 10 10 10 10 10 10 10 10 10 10 10 10 10 10 10 10 10 10 10 10 10 10 10 10 10 10 10
 10 10 10 10 10 10 10 10 10 10 10 10 10 10 10 10 10 10  2  3  3  3  3  3  3  3  3  3  3  3  3  3  3
  3  3  3  3  3  7]
Time input IoT    =  1057
iteration: 6, E = [  0   0   0   0   0   0   0   0   0   0   0   0   0   0   0   0   0   0   0   0   0   0   0   0   6
   6   6  36  36  36  72  72  72  95  95  95  68  68  68 134 134 134 113 113 113 103 103 103  50  50
  50   6   6   6   6   6   6   2   2   2   0   0   0   0   0   0   0   0   0   0   0   0]
quality input IoT    =	  5509 	  94.93
quality python exact      =  5803
S input IoT	= [10 10 10 10 10 10 10 10 10 10 10 10 10 10  9  9  9  9  9  9  9  9  9  9  9  9  9 10 10 10  9  9  9
 10 10 10 10 10 10  9  9  9  9  9  9 10 10 10 10 10 10  3  3  3  3  3  3  1  1  1  3  3  3  3  3  3
  3  3  3  3  3  3]
S python exact	= [10 10 10 10 10 10 10 10 10 10 10 10 10 10 10 10 10 10 10 10 10 10 10 10 10 10 10 10 10 10 10 10 10
 10 10 10 10 10 10 10 10 10 10 10 10 10 10 10 10 10 10  2  3  3  3  3  3  3  3  3  3  3  3  3  3  3
  3  3  3  3  3  7]
Time input IoT    =  1056
iteration: 7, E = [  0   0   0   0   0   0   0   0   0   0   0   0   0   0   0   0   0   0   0   0   0   0   0   0   6
   6   6  36  36  36  71  71  71  95  95  95 118 118 118  83  83  83 111 111 111  95  95  95  28  27
  27   4   4   4   6   6   6   2   2   2   0   0   0   0   0   0   0   0   0   0   0   0]
quality input IoT    =	  5327 	  94.65
quality python exact      =  5628
S input IoT	= [ 9  9  9  9  9  9  9  9  9  9  9  9  9  9  9  9  9  9  9  9  9  9  9  9  9  9  9 10 10 10 10 10 10
 10 10 10 10 10 10 10 10 10 10 10  5 10 10 10  8  9  9  3  1  1  3  3  3  1  1  1  3  3  3  3  3  3
  3  3  3  3  3  3]
S python exact	= [ 9  9  9  9  9  9  9  9  9  9  9 10 10 10 10 10 10 10 10 10 10 10 10 10 10 10 10 10 10 10 10 10 10
 10 10 10 10 10 10 10 10 10 10 10 10 10 10 10  8  7  9  3  3  3  3  3  3  3  3  3  3  3  3  3  3  3
  3  3  3  3  3  3]
Time input IoT    =  1056
iteration: 8, E = [  0   0   0   0   0   0   0   0   0   0   0   0   0   0   0   0   0   0   0   0   0   0   0   0   6
   6   6  28  28  28  74  74  74  89  89  89 105 105 105 108 108 108 111 111 111  86  86  86  48  48
  48   7   6   6   6   6   6   2   2   2   0   0   0   0   0   0   0   0   0   0   0   0]
quality input IoT    =	  5413 	  94.11
quality python exact      =  5752
S input IoT	= [10 10  9  9  9  9  9  9  9  9  9  9  9  9  9  9  9  9  9  9  9  9  9  9  9  9  9 10 10 10  9  9  9
 10 10 10 10  9 10 10 10 10 10 10 10  9  9  9  9  9 10  3  3  3  3  3  3  1  1  1  3  3  3  3  3  3
  3  3  3  3  3  3]
S python exact	= [ 9  9  9  9  9  9 10 10 10 10 10 10 10 10 10 10 10 10 10 10 10 10 10 10 10 10 10 10 10 10 10 10 10
 10 10 10 10 10 10 10 10 10 10 10 10 10 10 10 10 10 10  3  3  3  3  3  3  3  3  3  3  3  3  3  3  3
  3  3  3  3  3  6]
Time input IoT    =  1056
iteration: 9, E = [  0   0   0   0   0   0   0   0   0   0   0   0   0   0   0   0   0   0   0   0   0   0   0   0   6
   6   6  34  34  34  74  74  74  77  77  77  90  90  90 102 102 102 126 126 126  88  88  88  41  41
  41   7   7   7   6   6   6   2   2   2   0   0   0   0   0   0   0   0   0   0   0   0]
quality input IoT    =	  5313 	  94.52
quality python exact      =  5621
S input IoT	= [ 9  9  9  9  9  9  9  9  9  9  9  9  9  9  9  9  9  9  9  9  9  9  9  9  9  9  9  9  9  9  9  9  9
 10 10 10 10 10 10 10 10 10  9  9  9  9  9 10  9  8  6  3  3  3  3  3  3  1  1  1  3  3  3  3  3  3
  3  3  3  3  3  3]
S python exact	= [ 9  9  9  9  9  9  9  9  9  9  9  9  9  9  9  9  9  9  9  9  9  9  9 10 10 10 10 10 10 10 10 10 10
 10 10 10 10 10 10 10 10 10 10 10 10 10 10 10 10 10 10  2  2  2  3  3  3  3  3  3  3  3  3  3  3  3
  3  3  3  3  3  9]
Time input IoT    =  1056
Quality IoT (min,max,avg): 94.106, 95.833, 94.783
Quality Carfagna (min,max,avg): 2459.722, 2576.389, 2516.667
Time (min,max,avg): 1056.000, 1057.000, 1056.300
