start parsing 69 lines:
--------------------
48 10
160 2000 1800 1012
100
[1, 11, 17, 22, 27, 32, 37, 42, 47, 52]
[2, 22, 33, 43, 52, 62, 72, 81, 91, 100]
[]
--------------------
iteration: 0, E = [  0   0   0   0   0   0   0   0   0   0   0   0   0   0   0   0   9   9  55  55 112 112 142 142 168
 168 176 176 166 165 141 141  67  67  10  10   9   9   4   4   0   0   0   0   0   0   0   0]
quality input IoT    =	  3882 	  99.95
quality python exact      =  3884
S input IoT	= [10 10 10 10 10 10 10 10 10 10 10 10 10 10 10 10 10 10 10 10 10 10 10 10 10 10 10 10 10 10 10 10 10
 10  7  1  5  4  4  4  4  2  5  2  2  2  2  2]
S python exact	= [10 10 10 10 10 10 10 10 10 10 10 10 10 10 10 10 10 10 10 10 10 10 10 10 10 10 10 10 10 10 10 10 10
 10  2  2  2  2  2  2  2  4  4  4  4  4  4  7]
Time input IoT    =  2502
iteration: 1, E = [  0   0   0   0   0   0   0   0   0   0   0   0   0   0   0   0   6   6  64  64 107 107 143 143 178
 178 146 146 166 166  97  96  67  67  11  11   9   9   2   2   0   0   0   0   0   0   0   0]
quality input IoT    =	  3804 	  98.99
quality python exact      =  3843
S input IoT	= [10 10 10 10 10 10 10 10 10 10 10 10 10 10 10 10 10 10 10 10 10 10 10  9  9  9  9  9  9  9 10 10 10
 10  4  2  9  2  2  2  2  2  9  2  2  2  2  2]
S python exact	= [ 9  9  9  9 10 10 10 10 10 10 10 10 10 10 10 10 10 10 10 10 10 10 10 10 10 10 10 10 10 10 10 10 10
 10  2  2  2  2  2  2  2  2  2  2  4  7  7  7]
Time input IoT    =  2501
iteration: 2, E = [  0   0   0   0   0   0   0   0   0   0   0   0   0   0   0   0  11  11  55  55 112 112  88  88 168
 168 170 170 166 166 125 125  69  69  10  10   7   7   4   4   0   0   0   0   0   0   0   0]
quality input IoT    =	  3767 	  99.00
quality python exact      =  3805
S input IoT	= [10 10 10 10 10 10 10 10 10 10 10 10 10 10  9  9  9 10  9  9 10 10 10 10 10  9  9 10 10  9 10  9  9
  9  2  6  9  1  2  2  2  2  9  2  2  2  2  2]
S python exact	= [ 9  9  9  9  9  9  9  9 10 10 10 10 10 10 10 10 10 10 10 10 10 10 10 10 10 10 10 10 10 10 10 10 10
 10  2  2  2  2  2  2  2  2  2  2  2  7  7  9]
Time input IoT    =  2502
iteration: 3, E = [  0   0   0   0   0   0   0   0   0   0   0   0   0   0   0   0  10  10  44  44 128 128 142 142 171
 171 197 197 149 149 126 125  64  64  10  10   6   6   2   2   0   0   0   0   0   0   0   0]
quality input IoT    =	  3863 	  99.97
quality python exact      =  3864
S input IoT	= [10 10 10 10 10 10 10 10 10 10 10 10 10 10 10 10 10 10 10 10 10 10 10 10 10 10 10 10 10 10 10 10 10
 10  7  1  3  4  4  4  4  2  5  2  2  2  2  2]
S python exact	= [10 10 10 10 10 10 10 10 10 10 10 10 10 10 10 10 10 10 10 10 10 10 10 10 10 10 10 10 10 10 10 10 10
 10  2  2  2  1  2  2  2  4  4  4  4  4  4  7]
Time input IoT    =  2501
iteration: 4, E = [  0   0   0   0   0   0   0   0   0   0   0   0   0   0   0   0  11  11  33  33 129 129 142 142 188
 188 176 176 131 131 145 144  69  69  11  11   6   6   4   4   0   0   0   0   0   0   0   0]
quality input IoT    =	  3877 	  100.00
quality python exact      =  3877
S input IoT	= [10 10 10 10 10 10 10 10 10 10 10 10 10 10 10 10 10 10 10 10 10 10 10 10 10 10 10 10 10 10 10 10 10
 10  2  2  2  7  7  2  2  2  9  2  2  2  2  2]
S python exact	= [10 10 10 10 10 10 10 10 10 10 10 10 10 10 10 10 10 10 10 10 10 10 10 10 10 10 10 10 10 10 10 10 10
 10  2  2  2  2  2  2  2  2  2  2  2  7  7  9]
Time input IoT    =  2501
iteration: 5, E = [  0   0   0   0   0   0   0   0   0   0   0   0   0   0   0   0   8   8  55  55 112 112 142 142 150
 150 205 205 166 165 100 100  71  71  10  10   9   9   3   3   0   0   0   0   0   0   0   0]
quality input IoT    =	  3878 	  99.95
quality python exact      =  3880
S input IoT	= [10 10 10 10 10 10 10 10 10 10 10 10 10 10 10 10 10 10 10 10 10 10 10 10 10 10 10 10 10 10 10 10 10
 10  7  6  9  4  1  1  2  2  5  2  2  2  2  2]
S python exact	= [10 10 10 10 10 10 10 10 10 10 10 10 10 10 10 10 10 10 10 10 10 10 10 10 10 10 10 10 10 10 10 10 10
 10  2  2  2  2  1  2  2  2  2  4  4  7  7  7]
Time input IoT    =  2501
iteration: 6, E = [  0   0   0   0   0   0   0   0   0   0   0   0   0   0   0   0   9   9  55  55 108 108 142 142 101
 101 200 200 169 169 155 154  75  75  10  10   9   9   4   4   0   0   0   0   0   0   0   0]
quality input IoT    =	  3882 	  99.95
quality python exact      =  3884
S input IoT	= [10 10 10 10 10 10 10 10 10 10 10 10 10 10 10 10 10 10 10 10 10 10 10 10 10 10 10 10 10 10 10 10 10
 10  7  1  5  4  4  4  4  2  5  2  2  2  2  2]
S python exact	= [10 10 10 10 10 10 10 10 10 10 10 10 10 10 10 10 10 10 10 10 10 10 10 10 10 10 10 10 10 10 10 10 10
 10  2  2  2  2  2  2  2  4  4  4  4  4  4  7]
Time input IoT    =  2502
iteration: 7, E = [  0   0   0   0   0   0   0   0   0   0   0   0   0   0   0   0   9   9  55  55 107 107 142 142 176
 176 125 125 166 166 142 142  42  41   6   6   9   9   3   3   0   0   0   0   0   0   0   0]
quality input IoT    =	  3750 	  98.94
quality python exact      =  3790
S input IoT	= [10 10 10 10 10 10 10 10 10 10 10 10 10 10 10 10 10 10 10 10 10 10  9  9 10  9  9 10  9  9  9  9  9
 10  7  3  5  4  1  1  4  2  5  2  2  2  2  2]
S python exact	= [ 9  9  9  9 10 10 10 10 10 10 10 10 10 10 10 10 10 10 10 10 10 10 10 10 10 10 10 10 10 10 10 10  9
  7  2  2  2  2  2  2  2  2  4  4  4  4  4  7]
Time input IoT    =  2501
iteration: 8, E = [  0   0   0   0   0   0   0   0   0   0   0   0   0   0   0   0   9   9  42  42 112 112 133 133 158
 158 162 162 166 166 128 128  71  71  10  10   9   9   4   4   0   0   0   0   0   0   0   0]
quality input IoT    =	  3828 	  98.84
quality python exact      =  3873
S input IoT	= [10 10 10 10 10 10 10 10 10 10 10 10 10 10 10 10 10 10 10  9 10 10 10 10 10 10 10 10 10  9  9  9  9
  9  7  1  5  4  4  4  4  2  5  2  2  2  2  2]
S python exact	= [ 9 10 10 10 10 10 10 10 10 10 10 10 10 10 10 10 10 10 10 10 10 10 10 10 10 10 10 10 10 10 10 10 10
 10  2  2  2  2  2  2  2  2  3  4  4  4  7  7]
Time input IoT    =  2502
iteration: 9, E = [  0   0   0   0   0   0   0   0   0   0   0   0   0   0   0   0   9   9  51  51 112 112 116 116 135
 135 153 153 189 188 131 131  61  61  11  11   9   9   3   3   0   0   0   0   0   0   0   0]
quality input IoT    =	  3755 	  99.21
quality python exact      =  3785
S input IoT	= [10 10 10 10 10 10 10 10 10 10 10 10 10  9  9  9  9  9  9  9 10 10  9 10  9  9  9  9  9 10 10  9 10
 10  9  2  2  2  1  1  4  5  4  4  5  4  2  2]
S python exact	= [ 9  9  9  9  9  9  9  9  9  9  9 10 10 10 10 10 10 10 10 10 10 10 10 10 10 10 10 10 10 10 10 10 10
 10  2  2  2  2  2  2  2  4  4  4  4  4  4  7]
Time input IoT    =  2502
Quality IoT (min,max,avg): 98.838, 100.000, 99.480
Quality Carfagna (min,max,avg): 3906.250, 4043.750, 3988.125
Time (min,max,avg): 2501.000, 2502.000, 2501.500
