start parsing 71 lines:
--------------------
96 10
160 2000 1800 552
100
[1, 6, 9, 11, 14, 16, 19, 21, 24, 26]
[4, 24, 35, 43, 54, 62, 74, 81, 93, 100]
[]
--------------------
iteration: 0, E = [ 0  0  0  0  0  0  0  0  0  0  0  0  0  0  0  0  0  0  0  0  0  0  0  0  0  0  0  0  0  0  0  0  4
  4  4  4 27 27 27 27 56 56 56 56 71 71 71 71 84 84 84 84 88 88 88 88 83 83 83 83 71 71 71 71 34 34
 34 34  6  5  5  5  4  4  4  4  2  2  2  2  0  0  0  0  0  0  0  0  0  0  0  0  0  0  0  0]
quality input IoT    =	  7703 	  99.18
quality python exact      =  7767
S input IoT	= [10 10 10 10 10 10 10 10 10 10 10 10 10 10 10 10 10 10 10 10 10 10 10 10 10 10 10 10 10 10 10 10 10
 10 10 10 10 10 10 10 10 10 10 10 10 10 10 10 10 10 10 10 10 10 10 10 10 10 10 10 10 10 10 10 10 10
 10 10  7  4  4  1  5  5  5  5  3  5  3  1  3  2  2  2  2  2  2  2  2  2  2  2  2  2  2  2]
S python exact	= [10 10 10 10 10 10 10 10 10 10 10 10 10 10 10 10 10 10 10 10 10 10 10 10 10 10 10 10 10 10 10 10 10
 10 10 10 10 10 10 10 10 10 10 10 10 10 10 10 10 10 10 10 10 10 10 10 10 10 10 10 10 10 10 10 10 10
 10 10  2  2  2  2  2  2  2  2  2  2  2  2  2  2  2  2  2  2  2  2  2  2  2  4  9  9  9  9]
Time input IoT    =  2765
iteration: 1, E = [ 0  0  0  0  0  0  0  0  0  0  0  0  0  0  0  0  0  0  0  0  0  0  0  0  0  0  0  0  0  0  0  0  3
  3  3  3 32 32 32 32 53 53 53 53 71 71 71 71 89 89 89 89 73 73 73 73 83 83 83 83 49 49 49 49 34 34
 34 34  6  6  6  5  4  4  4  4  1  1  1  1  0  0  0  0  0  0  0  0  0  0  0  0  0  0  0  0]
quality input IoT    =	  7511 	  97.67
quality python exact      =  7690
S input IoT	= [10 10 10 10 10 10 10 10 10 10 10 10 10 10 10 10 10 10 10 10 10 10 10 10 10 10 10 10 10 10 10 10 10
 10 10 10 10  7  9  7 10 10 10 10  9  9  9  8 10  8 10  9 10 10 10 10 10 10 10 10 10  8 10  7  9  9
  9  9  7  2  7  4  9  9  9  1  1  1  1  1  3  2  2  2  2  2  2  2  2  2  2  2  2  2  2  2]
S python exact	= [ 9  9  9  9  9  9  9  9  9  9 10 10 10 10 10 10 10 10 10 10 10 10 10 10 10 10 10 10 10 10 10 10 10
 10 10 10 10 10 10 10 10 10 10 10 10 10 10 10 10 10 10 10 10 10 10 10 10 10 10 10 10 10 10 10 10 10
 10 10  2  2  2  2  2  2  2  2  2  2  2  2  2  2  2  2  2  2  2  2  2  2  2  7  7  7  9  9]
Time input IoT    =  2765
iteration: 2, E = [ 0  0  0  0  0  0  0  0  0  0  0  0  0  0  0  0  0  0  0  0  0  0  0  0  0  0  0  0  0  0  0  0  5
  5  5  5 27 27 27 27 56 56 56 56 44 44 44 44 84 84 84 84 85 85 85 85 83 83 83 83 63 63 63 63 35 35
 35 35  6  6  5  5  3  3  3  3  2  2  2  2  0  0  0  0  0  0  0  0  0  0  0  0  0  0  0  0]
quality input IoT    =	  7417 	  97.40
quality python exact      =  7615
S input IoT	= [10 10 10 10 10 10 10 10 10 10 10 10 10 10 10 10 10 10 10 10 10 10 10 10 10 10 10 10 10 10 10 10  9
  9  9  9 10  9  7  9 10 10 10 10  9  9  9  9  9  9  9  9  9  8  8  8 10 10 10 10 10 10 10 10  8  8
  8  8  2  7  4  4  2  2  2  2  7  9  3  1  3  2  2  2  2  2  2  2  2  2  2  2  2  2  2  2]
S python exact	= [ 9  9  9  9  9  9  9  9  9  9  9  9  9  9  9  9  9  9  9  9 10 10 10 10 10 10 10 10 10 10 10 10 10
 10 10 10 10 10 10 10 10 10 10 10 10 10 10 10 10 10 10 10 10 10 10 10 10 10 10 10 10 10 10 10 10 10
 10 10  2  2  2  2  2  2  2  2  2  2  2  2  2  2  2  2  2  2  2  2  2  2  2  2  9  9  9 10]
Time input IoT    =  2765
iteration: 3, E = [ 0  0  0  0  0  0  0  0  0  0  0  0  0  0  0  0  0  0  0  0  0  0  0  0  0  0  0  0  0  0  0  0  5
  5  5  5 22 22 22 22 64 64 64 64 71 71 71 71 86 86 86 86 99 99 99 99 75 74 74 74 62 62 62 62 32 32
 32 32  5  5  5  5  3  3  3  3  1  1  1  1  0  0  0  0  0  0  0  0  0  0  0  0  0  0  0  0]
quality input IoT    =	  7674 	  99.24
quality python exact      =  7733
S input IoT	= [10 10 10 10 10 10 10 10 10 10 10 10 10 10 10 10 10 10 10 10 10 10 10 10 10 10 10 10 10 10 10 10 10
 10 10 10 10 10 10 10 10 10 10 10 10 10 10 10 10 10 10 10 10 10 10 10 10 10 10 10 10 10 10 10 10 10
 10 10  9  4  4  4  2  2  2  2  4  4  4  4  2  2  2  2  2  2  2  2  2  2  2  2  2  2  2  2]
S python exact	= [10 10 10 10 10 10 10 10 10 10 10 10 10 10 10 10 10 10 10 10 10 10 10 10 10 10 10 10 10 10 10 10 10
 10 10 10 10 10 10 10 10 10 10 10 10 10 10 10 10 10 10 10 10 10 10 10 10 10 10 10 10 10 10 10 10 10
 10 10  2  2  2  2  2  2  2  2  2  2  2  2  2  2  2  2  2  2  2  2  2  2  3  7  7  7  7  7]
Time input IoT    =  2764
iteration: 4, E = [ 0  0  0  0  0  0  0  0  0  0  0  0  0  0  0  0  0  0  0  0  0  0  0  0  0  0  0  0  0  0  0  0  5
  5  5  5 16 16 16 16 64 64 64 64 71 71 71 71 94 94 94 94 88 88 88 88 66 66 66 66 73 73 73 73 35 35
 35 35  6  5  5  5  3  3  3  3  2  2  2  2  0  0  0  0  0  0  0  0  0  0  0  0  0  0  0  0]
quality input IoT    =	  7689 	  99.19
quality python exact      =  7752
S input IoT	= [10 10 10 10 10 10 10 10 10 10 10 10 10 10 10 10 10 10 10 10 10 10 10 10 10 10 10 10 10 10 10 10 10
 10 10 10 10 10 10 10 10 10 10 10 10 10 10 10 10 10 10 10 10 10 10 10 10 10 10 10 10 10 10 10 10 10
 10 10  2  4  4  4  2  2  2  2  7  9  7  1  3  2  2  2  2  2  2  2  2  2  2  2  2  2  2  2]
S python exact	= [10 10 10 10 10 10 10 10 10 10 10 10 10 10 10 10 10 10 10 10 10 10 10 10 10 10 10 10 10 10 10 10 10
 10 10 10 10 10 10 10 10 10 10 10 10 10 10 10 10 10 10 10 10 10 10 10 10 10 10 10 10 10 10 10 10 10
 10 10  2  2  2  2  1  2  2  2  2  2  2  2  2  2  2  2  2  2  2  2  2  2  7  7  7  7  7  7]
Time input IoT    =  2765
iteration: 5, E = [  0   0   0   0   0   0   0   0   0   0   0   0   0   0   0   0   0   0   0   0   0   0   0   0   0
   0   0   0   0   0   0   0   4   4   4   4  27  27  27  27  56  56  56  56  71  71  71  71  75  75
  75  75 103 103 103 103  83  83  83  83  51  51  51  51  36  35  35  35   5   5   5   5   4   4   4
   4   1   1   1   1   0   0   0   0   0   0   0   0   0   0   0   0   0   0   0   0]
quality input IoT    =	  7667 	  98.95
quality python exact      =  7748
S input IoT	= [10 10 10 10 10 10 10 10 10 10 10 10 10 10 10 10 10 10 10 10 10 10 10 10 10 10 10 10 10 10 10 10 10
 10 10  9 10 10 10 10 10 10 10 10 10 10 10 10 10 10 10 10 10 10 10 10 10 10 10 10 10 10 10  9 10 10
 10  9  9  9  4  4  9  5  5  1  1  1  1  1  3  2  2  2  2  2  2  2  2  2  2  2  2  2  2  2]
S python exact	= [10 10 10 10 10 10 10 10 10 10 10 10 10 10 10 10 10 10 10 10 10 10 10 10 10 10 10 10 10 10 10 10 10
 10 10 10 10 10 10 10 10 10 10 10 10 10 10 10 10 10 10 10 10 10 10 10 10 10 10 10 10 10 10 10 10 10
 10 10  2  2  2  2  2  2  2  2  2  2  2  2  2  2  2  2  2  2  2  2  2  2  2  2  9  9  9  9]
Time input IoT    =  2765
iteration: 6, E = [  0   0   0   0   0   0   0   0   0   0   0   0   0   0   0   0   0   0   0   0   0   0   0   0   0
   0   0   0   0   0   0   0   4   4   4   4  27  27  27  27  54  54  54  54  71  71  71  71  51  51
  51  51 100 100 100 100  85  85  85  85  78  78  78  78  38  37  37  37   5   5   5   5   4   4   4
   4   2   2   2   2   0   0   0   0   0   0   0   0   0   0   0   0   0   0   0   0]
quality input IoT    =	  7666 	  98.75
quality python exact      =  7763
S input IoT	= [10 10 10 10 10 10 10 10 10 10 10 10 10 10 10 10 10 10 10 10 10 10 10 10 10 10 10 10 10 10 10 10 10
 10 10 10 10 10 10 10 10 10 10 10 10 10 10 10 10 10 10 10 10 10 10 10 10 10 10 10 10 10  9  9  9 10
 10  9  9  5  1  1  5  5  5  5  3  5  3  1  3  2  2  2  2  2  2  2  2  2  2  2  2  2  2  2]
S python exact	= [10 10 10 10 10 10 10 10 10 10 10 10 10 10 10 10 10 10 10 10 10 10 10 10 10 10 10 10 10 10 10 10 10
 10 10 10 10 10 10 10 10 10 10 10 10 10 10 10 10 10 10 10 10 10 10 10 10 10 10 10 10 10 10 10 10 10
 10 10  2  2  2  2  1  2  2  2  2  2  2  2  2  2  2  2  2  2  2  2  2  3  7  7  7  7  7  7]
Time input IoT    =  2764
iteration: 7, E = [ 0  0  0  0  0  0  0  0  0  0  0  0  0  0  0  0  0  0  0  0  0  0  0  0  0  0  0  0  0  0  0  0  4
  4  4  4 27 27 27 27 53 53 53 53 71 71 71 71 88 88 88 88 63 63 63 63 83 83 83 83 71 71 71 71 21 21
 21 21  4  4  4  4  5  5  5  4  1  1  1  1  0  0  0  0  0  0  0  0  0  0  0  0  0  0  0  0]
quality input IoT    =	  7413 	  97.72
quality python exact      =  7586
S input IoT	= [10 10 10 10 10 10 10 10 10 10 10 10 10 10 10 10 10 10 10 10 10 10 10 10 10 10 10 10 10 10 10 10  9
  9  9  9 10  9  7  9 10 10 10 10  9  9  9  9  9  9  9  9 10 10 10 10 10 10 10 10  9  8  8  8  8  8
  8  8  9  9  9  9  4  4  1  1  1  1  1  1  3  2  2  2  2  2  2  2  2  2  2  2  2  2  2  2]
S python exact	= [ 9  9  9  9  9  9  9  9  9  9  9  9 10 10 10 10 10 10 10 10 10 10 10 10 10 10 10 10 10 10 10 10 10
 10 10 10 10 10 10 10 10 10 10 10 10 10 10 10 10 10 10 10 10 10 10 10 10 10 10 10 10 10 10 10  8  8
  9  7  2  2  2  2  2  2  2  2  2  2  2  2  2  2  2  2  2  2  2  2  2  2  2  7  7  7  7  9]
Time input IoT    =  2764
iteration: 8, E = [ 0  0  0  0  0  0  0  0  0  0  0  0  0  0  0  0  0  0  0  0  0  0  0  0  0  0  0  0  0  0  0  0  4
  4  4  4 21 21 21 21 56 56 56 56 66 66 66 66 79 79 79 79 81 81 81 81 83 83 83 83 65 65 65 65 36 36
 36 36  5  5  5  5  4  4  4  4  2  2  2  2  0  0  0  0  0  0  0  0  0  0  0  0  0  0  0  0]
quality input IoT    =	  7563 	  97.60
quality python exact      =  7749
S input IoT	= [10 10 10 10 10 10 10 10 10 10 10 10 10 10 10 10 10 10 10 10 10 10 10 10 10 10 10 10 10 10 10 10  9
  9  9  9  9  9  9  8 10 10 10 10 10 10 10 10 10  9  9 10 10  9  9  9 10 10 10 10  9  9  9  9 10 10
 10 10  9  5  1  1  5  5  5  5  3  5  3  1  3  2  2  2  2  2  2  2  2  2  2  2  2  2  2  2]
S python exact	= [ 9  9 10 10 10 10 10 10 10 10 10 10 10 10 10 10 10 10 10 10 10 10 10 10 10 10 10 10 10 10 10 10 10
 10 10 10 10 10 10 10 10 10 10 10 10 10 10 10 10 10 10 10 10 10 10 10 10 10 10 10 10 10 10 10 10 10
 10 10  2  2  2  2  1  2  2  2  2  2  2  2  2  2  2  2  2  2  2  2  2  3  7  7  7  7  7  7]
Time input IoT    =  2765
iteration: 9, E = [ 0  0  0  0  0  0  0  0  0  0  0  0  0  0  0  0  0  0  0  0  0  0  0  0  0  0  0  0  0  0  0  0  4
  4  4  4 25 25 25 25 56 56 56 56 58 58 58 58 68 68 68 68 77 77 77 77 95 95 95 95 66 66 66 66 31 31
 31 30  5  5  5  5  4  4  4  4  1  1  1  1  0  0  0  0  0  0  0  0  0  0  0  0  0  0  0  0]
quality input IoT    =	  7381 	  97.43
quality python exact      =  7576
S input IoT	= [10 10 10 10 10 10 10 10 10 10 10 10 10 10 10 10 10 10 10 10 10 10 10 10 10 10 10 10 10 10 10 10  9
  9  9  9  9  9  9  9 10 10 10 10  9  9  9  9  9  9  9  8 10  9  7  9  9  8  8  8 10 10 10 10  8  8
  8 10  4  4  4  4  9  9  9  1  1  1  1  1  3  2  2  2  2  2  2  2  2  2  2  2  2  2  2  2]
S python exact	= [ 9  9  9  9  9  9  9  9  9  9  9  9  9  9  9  9  9  9  9  9  9  9  9  9 10 10 10 10 10 10 10 10 10
 10 10 10 10 10 10 10 10 10 10 10 10 10 10 10 10 10 10 10 10 10 10 10 10 10 10 10 10 10 10 10 10 10
 10 10  2  2  2  2  2  2  2  2  2  2  2  2  2  2  2  2  2  2  2  2  2  3  3  7  7  7  7  7]
Time input IoT    =  2765
Quality IoT (min,max,avg): 97.400, 99.237, 98.312
Quality Carfagna (min,max,avg): 1922.135, 2005.990, 1970.938
Time (min,max,avg): 2764.000, 2765.000, 2764.700
