start parsing 70 lines:
--------------------
72 10
160 2000 1800 828
100
[1, 8, 11, 15, 18, 21, 25, 28, 32, 35]
[3, 23, 32, 43, 52, 60, 72, 80, 92, 100]
[]
--------------------
iteration: 0, E = [  0   0   0   0   0   0   0   0   0   0   0   0   0   0   0   0   0   0   0   0   0   0   0   0   6
   6   6  36  36  36  74  74  74  95  95  95 112 112 112 117 117 117 111 111 111  95  95  95  45  45
  45   7   7   6   6   6   6   2   2   2   0   0   0   0   0   0   0   0   0   0   0   0]
quality input IoT    =	  5789 	  99.69
quality python exact      =  5807
S input IoT	= [10 10 10 10 10 10 10 10 10 10 10 10 10 10 10 10 10 10 10 10 10 10 10 10 10 10 10 10 10 10 10 10 10
 10 10 10 10 10 10 10 10 10 10 10 10 10 10 10 10 10 10  5  7  2  4  4  2  3  3  1  3  3  5  3  3  5
  3  3  3  3  1  1]
S python exact	= [10 10 10 10 10 10 10 10 10 10 10 10 10 10 10 10 10 10 10 10 10 10 10 10 10 10 10 10 10 10 10 10 10
 10 10 10 10 10 10 10 10 10 10 10 10 10 10 10 10 10 10  2  2  2  2  1  3  3  3  3  3  3  3  3  3  3
  3  3  3  3  7  9]
Time input IoT    =  3165
iteration: 1, E = [  0   0   0   0   0   0   0   0   0   0   0   0   0   0   0   0   0   0   0   0   0   0   0   0   4
   4   4  43  43  43  71  71  71  95  95  95 119 119 119  97  97  97 111 111 111  65  65  65  45  45
  44   7   7   7   6   6   6   1   1   1   0   0   0   0   0   0   0   0   0   0   0   0]
quality input IoT    =	  5629 	  98.63
quality python exact      =  5707
S input IoT	= [10 10 10 10 10 10 10 10 10 10 10 10 10 10 10 10 10 10 10 10 10 10 10 10  9 10  9  9  9  9 10  9 10
 10 10 10  8  9 10  8  8  9 10 10 10 10 10 10  9  7 10  5  7  5  4  1  1  1  1  1  3  5  3  3  5  3
  3  5  3  3  5  2]
S python exact	= [ 9  9  9  9  9  9  9  9  9  9  9  9 10 10 10 10 10 10 10 10 10 10 10 10 10 10 10 10 10 10 10 10 10
 10 10 10 10 10 10 10 10 10 10 10 10 10 10 10 10 10 10  2  3  3  3  3  3  3  3  3  3  3  3  3  3  3
  3  3  3  3  3  7]
Time input IoT    =  3165
iteration: 2, E = [  0   0   0   0   0   0   0   0   0   0   0   0   0   0   0   0   0   0   0   0   0   0   0   0   7
   7   7  37  37  37  74  74  74  58  58  58 112 112 112 114 114 114 111 111 111  84  84  84  47  47
  46   6   6   6   5   5   5   2   2   2   0   0   0   0   0   0   0   0   0   0   0   0]
quality input IoT    =	  5563 	  98.46
quality python exact      =  5650
S input IoT	= [10 10 10 10 10 10 10 10 10 10 10 10 10 10 10 10 10 10 10 10 10 10 10 10 10 10 10 10  9  9  7  7  9
 10 10 10  9  9  9  9  9  7 10  9 10 10 10 10 10  7 10  2  4  2  3  3  3  3  3  3  3  3  5  3  3  5
  3  3  3  3  1  1]
S python exact	= [ 9  9  9  9  9  9  9  9  9  9  9  9  9  9  9  9  9  9 10 10 10 10 10 10 10 10 10 10 10 10 10 10 10
 10 10 10 10 10 10 10 10 10 10 10 10 10 10 10 10 10 10  2  2  3  3  3  3  3  3  3  3  3  3  3  3  3
  3  3  3  3  3  7]
Time input IoT    =  3165
iteration: 3, E = [  0   0   0   0   0   0   0   0   0   0   0   0   0   0   0   0   0   0   0   0   0   0   0   0   6
   6   6  29  29  29  85  85  85  95  95  95 114 114 114 131 131 131 100 100 100  84  84  84  43  43
  43   7   7   7   4   4   4   1   1   1   0   0   0   0   0   0   0   0   0   0   0   0]
quality input IoT    =	  5769 	  99.72
quality python exact      =  5785
S input IoT	= [10 10 10 10 10 10 10 10 10 10 10 10 10 10 10 10 10 10 10 10 10 10 10 10 10 10 10 10 10 10 10 10 10
 10 10 10 10 10 10 10 10 10 10 10 10 10 10 10 10 10 10  5  7  5  4  4  3  1  1  1  3  3  5  3  3  5
  3  3  3  3  1  1]
S python exact	= [10 10 10 10 10 10 10 10 10 10 10 10 10 10 10 10 10 10 10 10 10 10 10 10 10 10 10 10 10 10 10 10 10
 10 10 10 10 10 10 10 10 10 10 10 10 10 10 10 10 10 10  2  2  2  3  3  3  3  3  3  3  3  3  3  3  3
  3  3  3  3  3  7]
Time input IoT    =  3165
iteration: 4, E = [  0   0   0   0   0   0   0   0   0   0   0   0   0   0   0   0   0   0   0   0   0   0   0   0   7
   7   7  22  22  22  86  86  86  95  95  95 126 126 126 117 117 117  88  88  88  97  96  96  46  46
  46   7   7   7   4   4   4   2   2   2   0   0   0   0   0   0   0   0   0   0   0   0]
quality input IoT    =	  5769 	  99.57
quality python exact      =  5794
S input IoT	= [10 10 10 10 10 10 10 10 10 10 10 10 10 10 10 10 10 10 10 10 10 10 10 10 10 10 10 10 10 10 10 10 10
 10 10 10 10 10 10 10 10 10 10 10 10 10 10 10 10 10 10  5  7  5  4  4  3  4  3  3  3  3  3  1  1  3
  3  3  3  3  1  1]
S python exact	= [10 10 10 10 10 10 10 10 10 10 10 10 10 10 10 10 10 10 10 10 10 10 10 10 10 10 10 10 10 10 10 10 10
 10 10 10 10 10 10 10 10 10 10 10 10 10 10 10 10 10 10  2  2  3  3  3  3  3  3  3  3  3  3  3  3  3
  3  3  3  3  3  7]
Time input IoT    =  3164
iteration: 5, E = [  0   0   0   0   0   0   0   0   0   0   0   0   0   0   0   0   0   0   0   0   0   0   0   0   5
   5   5  36  36  36  74  74  74  95  95  95 100 100 100 137 137 137 111 111 111  67  67  67  48  48
  48   6   6   6   6   6   6   2   2   2   0   0   0   0   0   0   0   0   0   0   0   0]
quality input IoT    =	  5773 	  99.48
quality python exact      =  5803
S input IoT	= [10 10 10 10 10 10 10 10 10 10 10 10 10 10 10 10 10 10 10 10 10 10 10 10 10 10 10 10 10 10 10 10 10
 10 10  9 10 10 10 10 10 10 10 10 10 10 10 10 10 10  9  4  2  2  1  1  1  3  4  3  5  3  3  5  3  3
  5  3  3  5  3  5]
S python exact	= [10 10 10 10 10 10 10 10 10 10 10 10 10 10 10 10 10 10 10 10 10 10 10 10 10 10 10 10 10 10 10 10 10
 10 10 10 10 10 10 10 10 10 10 10 10 10 10 10 10 10 10  2  3  3  3  3  3  3  3  3  3  3  3  3  3  3
  3  3  3  3  3  7]
Time input IoT    =  3165
iteration: 6, E = [  0   0   0   0   0   0   0   0   0   0   0   0   0   0   0   0   0   0   0   0   0   0   0   0   6
   6   6  36  36  36  72  72  72  95  95  95  68  68  68 134 134 134 113 113 113 103 103 103  50  50
  50   6   6   6   6   6   6   2   2   2   0   0   0   0   0   0   0   0   0   0   0   0]
quality input IoT    =	  5781 	  99.62
quality python exact      =  5803
S input IoT	= [10 10 10 10 10 10 10 10 10 10 10 10 10 10 10 10 10 10 10 10 10 10 10 10 10 10 10 10 10 10 10 10 10
 10 10 10 10 10 10 10 10 10 10 10 10 10 10 10 10 10  9  4  2  2  1  1  1  3  4  3  5  3  3  5  3  3
  5  3  3  5  3  5]
S python exact	= [10 10 10 10 10 10 10 10 10 10 10 10 10 10 10 10 10 10 10 10 10 10 10 10 10 10 10 10 10 10 10 10 10
 10 10 10 10 10 10 10 10 10 10 10 10 10 10 10 10 10 10  2  3  3  3  3  3  3  3  3  3  3  3  3  3  3
  3  3  3  3  3  7]
Time input IoT    =  3166
iteration: 7, E = [  0   0   0   0   0   0   0   0   0   0   0   0   0   0   0   0   0   0   0   0   0   0   0   0   6
   6   6  36  36  36  71  71  71  95  95  95 118 118 118  83  83  83 111 111 111  95  95  95  28  27
  27   4   4   4   6   6   6   2   2   2   0   0   0   0   0   0   0   0   0   0   0   0]
quality input IoT    =	  5549 	  98.60
quality python exact      =  5628
S input IoT	= [10 10 10 10 10 10 10 10 10 10 10 10 10 10 10 10 10 10 10 10 10 10 10 10  9 10 10 10  5  7 10  9 10
 10 10 10 10 10  9  9  9  9 10 10 10 10 10 10  8  7  5  4  4  3  2  4  2  3  3  3  3  3  5  3  3  5
  3  3  3  3  1  1]
S python exact	= [ 9  9  9  9  9  9  9  9  9  9  9 10 10 10 10 10 10 10 10 10 10 10 10 10 10 10 10 10 10 10 10 10 10
 10 10 10 10 10 10 10 10 10 10 10 10 10 10 10  8  7  9  3  3  3  3  3  3  3  3  3  3  3  3  3  3  3
  3  3  3  3  3  3]
Time input IoT    =  3165
iteration: 8, E = [  0   0   0   0   0   0   0   0   0   0   0   0   0   0   0   0   0   0   0   0   0   0   0   0   6
   6   6  28  28  28  74  74  74  89  89  89 105 105 105 108 108 108 111 111 111  86  86  86  48  48
  48   7   6   6   6   6   6   2   2   2   0   0   0   0   0   0   0   0   0   0   0   0]
quality input IoT    =	  5670 	  98.57
quality python exact      =  5752
S input IoT	= [10 10 10 10 10 10 10 10 10 10 10 10 10 10 10 10 10 10 10 10 10 10 10 10  9 10 10  9  9  9  9 10  9
 10 10 10 10 10 10 10  9  9 10 10 10 10 10  9  9  8  9  3  2  2  1  1  1  3  4  3  5  3  3  5  3  3
  5  3  3  5  3  5]
S python exact	= [ 9  9  9  9  9  9 10 10 10 10 10 10 10 10 10 10 10 10 10 10 10 10 10 10 10 10 10 10 10 10 10 10 10
 10 10 10 10 10 10 10 10 10 10 10 10 10 10 10 10 10 10  3  3  3  3  3  3  3  3  3  3  3  3  3  3  3
  3  3  3  3  3  6]
Time input IoT    =  3165
iteration: 9, E = [  0   0   0   0   0   0   0   0   0   0   0   0   0   0   0   0   0   0   0   0   0   0   0   0   6
   6   6  34  34  34  74  74  74  77  77  77  90  90  90 102 102 102 126 126 126  88  88  88  41  41
  41   7   7   7   6   6   6   2   2   2   0   0   0   0   0   0   0   0   0   0   0   0]
quality input IoT    =	  5548 	  98.70
quality python exact      =  5621
S input IoT	= [10 10 10 10 10 10 10 10 10 10 10 10 10 10 10 10 10 10 10 10 10 10 10 10  9 10 10 10 10  9  7  9  7
  9  9 10  9  8  9 10 10 10 10 10  8  8  8  8  9  8  9  3  3  3  1  1  1  3  4  3  5  3  3  5  3  3
  5  3  3  5  3  5]
S python exact	= [ 9  9  9  9  9  9  9  9  9  9  9  9  9  9  9  9  9  9  9  9  9  9  9 10 10 10 10 10 10 10 10 10 10
 10 10 10 10 10 10 10 10 10 10 10 10 10 10 10 10 10 10  2  2  2  3  3  3  3  3  3  3  3  3  3  3  3
  3  3  3  3  3  9]
Time input IoT    =  3165
Quality IoT (min,max,avg): 98.460, 99.723, 99.105
Quality Carfagna (min,max,avg): 2568.519, 2680.093, 2631.481
Time (min,max,avg): 3164.000, 3166.000, 3165.000
