start parsing 70 lines:
--------------------
72 10
160 2000 1800 1012
100
[1, 8, 11, 15, 18, 21, 25, 28, 32, 35]
[3, 23, 32, 43, 52, 60, 72, 80, 92, 100]
[]
--------------------
iteration: 0, E = [  0   0   0   0   0   0   0   0   0   0   0   0   0   0   0   0   0   0   0   0   0   0   0   0   6
   6   6  36  36  36  74  74  74  95  95  95 112 112 112 117 117 117 111 111 111  95  95  95  45  45
  45   7   7   6   6   6   6   2   2   2   0   0   0   0   0   0   0   0   0   0   0   0]
quality input IoT    =	  5805 	  99.97
quality python exact      =  5807
S input IoT	= [10 10 10 10 10 10 10 10 10 10 10 10 10 10 10 10 10 10 10 10 10 10 10 10 10 10 10 10 10 10 10 10 10
 10 10 10 10 10 10 10 10 10 10 10 10 10 10 10 10 10 10  9  3  1  1  3  1  3  3  3  5  3  3  5  3  3
  5  3  3  3  3  3]
S python exact	= [10 10 10 10 10 10 10 10 10 10 10 10 10 10 10 10 10 10 10 10 10 10 10 10 10 10 10 10 10 10 10 10 10
 10 10 10 10 10 10 10 10 10 10 10 10 10 10 10 10 10 10  2  2  2  2  1  3  3  3  3  3  3  3  3  3  3
  3  3  3  3  7  9]
Time input IoT    =  3667
iteration: 1, E = [  0   0   0   0   0   0   0   0   0   0   0   0   0   0   0   0   0   0   0   0   0   0   0   0   4
   4   4  43  43  43  71  71  71  95  95  95 119 119 119  97  97  97 111 111 111  65  65  65  45  45
  44   7   7   7   6   6   6   1   1   1   0   0   0   0   0   0   0   0   0   0   0   0]
quality input IoT    =	  5646 	  98.93
quality python exact      =  5707
S input IoT	= [10 10 10 10 10  9  9 10  9  9 10  9  9 10  9  9 10  9  9 10  9  9 10 10 10 10 10  9  9  9 10 10 10
 10 10 10 10 10 10 10 10 10  9 10 10  9  9 10 10  9 10  9  9  1  1  3  2  1  1  1  5  3  3  5  3  3
  5  3  3  3  3  3]
S python exact	= [ 9  9  9  9  9  9  9  9  9  9  9  9 10 10 10 10 10 10 10 10 10 10 10 10 10 10 10 10 10 10 10 10 10
 10 10 10 10 10 10 10 10 10 10 10 10 10 10 10 10 10 10  2  3  3  3  3  3  3  3  3  3  3  3  3  3  3
  3  3  3  3  3  7]
Time input IoT    =  3666
iteration: 2, E = [  0   0   0   0   0   0   0   0   0   0   0   0   0   0   0   0   0   0   0   0   0   0   0   0   7
   7   7  37  37  37  74  74  74  58  58  58 112 112 112 114 114 114 111 111 111  84  84  84  47  47
  46   6   6   6   5   5   5   2   2   2   0   0   0   0   0   0   0   0   0   0   0   0]
quality input IoT    =	  5589 	  98.92
quality python exact      =  5650
S input IoT	= [ 9  9 10  9  9 10  9  9 10  9  9 10  9  9 10  9  9 10  9  9 10  9  9 10 10 10 10 10  9 10 10 10 10
 10 10 10  9  9 10  9  9  9 10 10 10 10  9 10  9  9 10  4  4  4  1  1  1  4  3  3  5  3  3  5  3  3
  5  3  3  3  3  3]
S python exact	= [ 9  9  9  9  9  9  9  9  9  9  9  9  9  9  9  9  9  9 10 10 10 10 10 10 10 10 10 10 10 10 10 10 10
 10 10 10 10 10 10 10 10 10 10 10 10 10 10 10 10 10 10  2  2  3  3  3  3  3  3  3  3  3  3  3  3  3
  3  3  3  3  3  7]
Time input IoT    =  3666
iteration: 3, E = [  0   0   0   0   0   0   0   0   0   0   0   0   0   0   0   0   0   0   0   0   0   0   0   0   6
   6   6  29  29  29  85  85  85  95  95  95 114 114 114 131 131 131 100 100 100  84  84  84  43  43
  43   7   7   7   4   4   4   1   1   1   0   0   0   0   0   0   0   0   0   0   0   0]
quality input IoT    =	  5780 	  99.91
quality python exact      =  5785
S input IoT	= [10 10 10 10 10 10 10 10 10 10 10 10 10 10 10 10 10 10 10 10 10 10 10 10 10 10 10 10 10 10 10 10 10
 10 10 10 10 10 10 10 10 10 10 10 10 10 10 10 10 10 10  7  1  1  4  4  4  2  1  1  5  3  3  5  3  3
  5  3  3  3  3  3]
S python exact	= [10 10 10 10 10 10 10 10 10 10 10 10 10 10 10 10 10 10 10 10 10 10 10 10 10 10 10 10 10 10 10 10 10
 10 10 10 10 10 10 10 10 10 10 10 10 10 10 10 10 10 10  2  2  2  3  3  3  3  3  3  3  3  3  3  3  3
  3  3  3  3  3  7]
Time input IoT    =  3667
iteration: 4, E = [  0   0   0   0   0   0   0   0   0   0   0   0   0   0   0   0   0   0   0   0   0   0   0   0   7
   7   7  22  22  22  86  86  86  95  95  95 126 126 126 117 117 117  88  88  88  97  96  96  46  46
  46   7   7   7   4   4   4   2   2   2   0   0   0   0   0   0   0   0   0   0   0   0]
quality input IoT    =	  5787 	  99.88
quality python exact      =  5794
S input IoT	= [10 10 10 10 10 10 10 10 10 10 10 10 10 10 10 10 10 10 10 10 10 10 10 10 10 10 10 10 10 10 10 10 10
 10 10 10 10 10 10 10 10 10 10 10 10 10 10 10 10 10 10  9  5  5  4  3  2  3  3  3  3  3  3  3  1  1
  1  3  3  3  3  3]
S python exact	= [10 10 10 10 10 10 10 10 10 10 10 10 10 10 10 10 10 10 10 10 10 10 10 10 10 10 10 10 10 10 10 10 10
 10 10 10 10 10 10 10 10 10 10 10 10 10 10 10 10 10 10  2  2  3  3  3  3  3  3  3  3  3  3  3  3  3
  3  3  3  3  3  7]
Time input IoT    =  3666
iteration: 5, E = [  0   0   0   0   0   0   0   0   0   0   0   0   0   0   0   0   0   0   0   0   0   0   0   0   5
   5   5  36  36  36  74  74  74  95  95  95 100 100 100 137 137 137 111 111 111  67  67  67  48  48
  48   6   6   6   6   6   6   2   2   2   0   0   0   0   0   0   0   0   0   0   0   0]
quality input IoT    =	  5778 	  99.57
quality python exact      =  5803
S input IoT	= [10 10 10 10 10 10 10 10 10 10 10 10 10 10 10 10 10 10 10 10 10 10 10 10 10 10 10 10 10 10 10 10 10
 10 10 10 10 10  9 10 10 10  9 10 10 10 10 10 10 10  9  3  6  3  1  3  1  3  3  3  5  3  3  5  3  3
  5  3  3  3  3  3]
S python exact	= [10 10 10 10 10 10 10 10 10 10 10 10 10 10 10 10 10 10 10 10 10 10 10 10 10 10 10 10 10 10 10 10 10
 10 10 10 10 10 10 10 10 10 10 10 10 10 10 10 10 10 10  2  3  3  3  3  3  3  3  3  3  3  3  3  3  3
  3  3  3  3  3  7]
Time input IoT    =  3667
iteration: 6, E = [  0   0   0   0   0   0   0   0   0   0   0   0   0   0   0   0   0   0   0   0   0   0   0   0   6
   6   6  36  36  36  72  72  72  95  95  95  68  68  68 134 134 134 113 113 113 103 103 103  50  50
  50   6   6   6   6   6   6   2   2   2   0   0   0   0   0   0   0   0   0   0   0   0]
quality input IoT    =	  5802 	  99.98
quality python exact      =  5803
S input IoT	= [10 10 10 10 10 10 10 10 10 10 10 10 10 10 10 10 10 10 10 10 10 10 10 10 10 10 10 10 10 10 10 10 10
 10 10 10 10 10 10 10 10 10 10 10 10 10 10 10 10 10 10  3  6  3  1  3  1  3  3  3  5  3  3  5  3  3
  5  3  3  3  3  3]
S python exact	= [10 10 10 10 10 10 10 10 10 10 10 10 10 10 10 10 10 10 10 10 10 10 10 10 10 10 10 10 10 10 10 10 10
 10 10 10 10 10 10 10 10 10 10 10 10 10 10 10 10 10 10  2  3  3  3  3  3  3  3  3  3  3  3  3  3  3
  3  3  3  3  3  7]
Time input IoT    =  3666
iteration: 7, E = [  0   0   0   0   0   0   0   0   0   0   0   0   0   0   0   0   0   0   0   0   0   0   0   0   6
   6   6  36  36  36  71  71  71  95  95  95 118 118 118  83  83  83 111 111 111  95  95  95  28  27
  27   4   4   4   6   6   6   2   2   2   0   0   0   0   0   0   0   0   0   0   0   0]
quality input IoT    =	  5567 	  98.92
quality python exact      =  5628
S input IoT	= [10 10 10 10 10 10 10  9 10  9  9 10  9  9 10  9  9 10  9  9 10  9  9 10 10 10 10  9  9  9 10 10 10
 10 10 10 10 10 10 10  9  9  9 10 10 10 10 10  9  7  7  4  4  1  1  3  1  3  3  3  5  3  3  5  3  3
  5  3  3  3  3  3]
S python exact	= [ 9  9  9  9  9  9  9  9  9  9  9 10 10 10 10 10 10 10 10 10 10 10 10 10 10 10 10 10 10 10 10 10 10
 10 10 10 10 10 10 10 10 10 10 10 10 10 10 10  8  7  9  3  3  3  3  3  3  3  3  3  3  3  3  3  3  3
  3  3  3  3  3  3]
Time input IoT    =  3666
iteration: 8, E = [  0   0   0   0   0   0   0   0   0   0   0   0   0   0   0   0   0   0   0   0   0   0   0   0   6
   6   6  28  28  28  74  74  74  89  89  89 105 105 105 108 108 108 111 111 111  86  86  86  48  48
  48   7   6   6   6   6   6   2   2   2   0   0   0   0   0   0   0   0   0   0   0   0]
quality input IoT    =	  5677 	  98.70
quality python exact      =  5752
S input IoT	= [10 10 10 10 10 10 10 10 10 10 10 10 10 10 10  9  9 10  9  9 10  9  9 10 10 10 10 10  9 10 10 10  9
  9  9  9 10  9  9  9 10 10  9 10  9 10 10 10 10 10 10  9  1  3  1  3  1  3  3  3  5  3  3  5  3  3
  5  3  3  3  3  3]
S python exact	= [ 9  9  9  9  9  9 10 10 10 10 10 10 10 10 10 10 10 10 10 10 10 10 10 10 10 10 10 10 10 10 10 10 10
 10 10 10 10 10 10 10 10 10 10 10 10 10 10 10 10 10 10  3  3  3  3  3  3  3  3  3  3  3  3  3  3  3
  3  3  3  3  3  6]
Time input IoT    =  3666
iteration: 9, E = [  0   0   0   0   0   0   0   0   0   0   0   0   0   0   0   0   0   0   0   0   0   0   0   0   6
   6   6  34  34  34  74  74  74  77  77  77  90  90  90 102 102 102 126 126 126  88  88  88  41  41
  41   7   7   7   6   6   6   2   2   2   0   0   0   0   0   0   0   0   0   0   0   0]
quality input IoT    =	  5579 	  99.25
quality python exact      =  5621
S input IoT	= [ 9  9 10  9  9 10  9  9 10  9  9 10  9  9 10  9  9 10  9  9 10  9  9 10 10 10 10 10 10  9 10  9 10
 10 10 10  9  9 10  9 10  9 10 10 10  9 10  8  9  9  9  7  1  1  4  4  1  3  3  3  5  3  3  5  3  3
  5  3  3  3  3  3]
S python exact	= [ 9  9  9  9  9  9  9  9  9  9  9  9  9  9  9  9  9  9  9  9  9  9  9 10 10 10 10 10 10 10 10 10 10
 10 10 10 10 10 10 10 10 10 10 10 10 10 10 10 10 10 10  2  2  2  3  3  3  3  3  3  3  3  3  3  3  3
  3  3  3  3  3  9]
Time input IoT    =  3666
Quality IoT (min,max,avg): 98.696, 99.983, 99.403
Quality Carfagna (min,max,avg): 2577.315, 2687.500, 2639.352
Time (min,max,avg): 3666.000, 3667.000, 3666.300
