#----------------------------------------------
K = 72
N = 10
BMIN = 160
BINIT = 1800
BMAX = 2000
BSAMPLING = 368
EnergyForLevel = 5.00
MAX_QUALITY_LVL = 100

c_i = [  1,  8, 11, 15, 18, 21, 25, 28, 32, 35]
q_i = [  3, 23, 32, 43, 52, 60, 72, 80, 92,100]

e_i = [  0,  0,  0,  0,  0,  0,  0,  0, 19,110,224,285,335,350,331,283,134, 20, 18,  8,  0,  0,  0,  0]
E_i = [  0,  0,  0,  0,  0,  0,  0,  0,  0,  0,  0,  0,  0,  0,  0,  0,  0,  0,  0,  0,  0,  0,  0,  0,
  6,  6,  6, 36, 36, 36, 74, 74, 74, 95, 95, 95,112,112,112,117,117,117,111,111,111, 95, 95, 95, 45,
 45, 45,  7,  7,  6,  6,  6,  6,  2,  2,  2,  0,  0,  0,  0,  0,  0,  0,  0,  0,  0,  0,  0]
#----------------------------------------------
it,Energy = 0,2117
E = [0,0,0,0,0,0,0,0,0,0,0,0,0,0,0,0,0,0,0,0,0,0,0,0,6,6,6,36,36,36,74,74,74,95,95,95,112,112,112,117,117,117,111,111,111,95,95,95,45,45,45,7,7,6,6,6,6,2,2,2,0,0,0,0,0,0,0,0,0,0,0,0]
Q = 5790
S = [10,10,10,10,10,10,10,10,10,10,10,10,10,10,10,10,10,10,10,10,10,10,10,10,10,10,10,10,10,10,10,10,10,10,10,10,10,10,10,10,10,10,10,10,10,10,10,10,10,10,10,9,3,3,1,1,1,1,1,1,4,4,4,4,4,4,4,4,4,4,4,4]
Time = 1260
it,Energy = 1,1991
E = [0,0,0,0,0,0,0,0,0,0,0,0,0,0,0,0,0,0,0,0,0,0,0,0,4,4,4,43,43,43,71,71,71,95,95,95,119,119,119,97,97,97,111,111,111,65,65,65,45,45,44,7,7,7,6,6,6,1,1,1,0,0,0,0,0,0,0,0,0,0,0,0]
Q = 5638
S = [10,10,10,10,10,10,10,10,10,10,10,10,10,10,10,10,10,10,10,10,10,10,10,10,9,9,9,9,9,9,10,10,10,10,10,10,8,8,8,9,9,9,10,10,10,10,10,10,10,10,8,9,3,3,1,1,1,1,1,1,4,4,4,4,4,4,4,4,4,4,4,4]
Time = 1261
it,Energy = 2,1970
E = [0,0,0,0,0,0,0,0,0,0,0,0,0,0,0,0,0,0,0,0,0,0,0,0,7,7,7,37,37,37,74,74,74,58,58,58,112,112,112,114,114,114,111,111,111,84,84,84,47,47,46,6,6,6,5,5,5,2,2,2,0,0,0,0,0,0,0,0,0,0,0,0]
Q = 5556
S = [10,10,10,10,10,10,10,10,10,10,10,10,10,10,10,10,10,10,10,10,10,10,10,10,9,9,9,9,9,9,9,9,9,9,9,9,9,9,9,9,9,9,10,10,10,9,9,8,9,9,10,3,1,1,4,4,4,1,1,1,4,4,4,4,4,4,4,4,4,4,4,1]
Time = 1271
it,Energy = 3,2097
E = [0,0,0,0,0,0,0,0,0,0,0,0,0,0,0,0,0,0,0,0,0,0,0,0,6,6,6,29,29,29,85,85,85,95,95,95,114,114,114,131,131,131,100,100,100,84,84,84,43,43,43,7,7,7,4,4,4,1,1,1,0,0,0,0,0,0,0,0,0,0,0,0]
Q = 5761
S = [10,10,10,10,10,10,10,10,10,10,10,10,10,10,10,10,10,10,10,10,10,10,10,10,10,10,10,10,10,10,10,10,10,10,10,10,10,10,10,10,10,10,10,10,10,10,10,10,10,10,10,3,3,1,2,2,2,1,1,1,4,4,4,4,4,4,4,4,4,4,4,4]
Time = 1266
it,Energy = 4,2089
E = [0,0,0,0,0,0,0,0,0,0,0,0,0,0,0,0,0,0,0,0,0,0,0,0,7,7,7,22,22,22,86,86,86,95,95,95,126,126,126,117,117,117,88,88,88,97,96,96,46,46,46,7,7,7,4,4,4,2,2,2,0,0,0,0,0,0,0,0,0,0,0,0]
Q = 5761
S = [10,10,10,10,10,10,10,10,10,10,10,10,10,10,10,10,10,10,10,10,10,10,10,10,10,10,10,10,10,10,10,10,10,10,10,10,10,10,10,10,10,10,10,10,10,10,10,10,10,10,10,3,3,1,2,2,2,1,1,1,4,4,4,4,4,4,4,4,4,4,4,4]
Time = 1266
it,Energy = 5,2061
E = [0,0,0,0,0,0,0,0,0,0,0,0,0,0,0,0,0,0,0,0,0,0,0,0,5,5,5,36,36,36,74,74,74,95,95,95,100,100,100,137,137,137,111,111,111,67,67,67,48,48,48,6,6,6,6,6,6,2,2,2,0,0,0,0,0,0,0,0,0,0,0,0]
Q = 5780
S = [10,10,10,10,10,10,10,10,10,10,10,10,10,10,10,10,10,10,10,10,10,10,10,10,10,10,10,10,10,10,10,10,10,10,10,10,10,10,10,10,10,10,10,10,10,10,10,10,10,10,9,3,3,3,3,3,1,1,1,1,4,4,4,4,4,4,4,4,4,4,4,4]
Time = 1258
it,Energy = 6,2073
E = [0,0,0,0,0,0,0,0,0,0,0,0,0,0,0,0,0,0,0,0,0,0,0,0,6,6,6,36,36,36,72,72,72,95,95,95,68,68,68,134,134,134,113,113,113,103,103,103,50,50,50,6,6,6,6,6,6,2,2,2,0,0,0,0,0,0,0,0,0,0,0,0]
Q = 5780
S = [10,10,10,10,10,10,10,10,10,10,10,10,10,10,10,10,10,10,10,10,10,10,10,10,10,10,10,10,10,10,10,10,10,10,10,10,10,10,10,10,10,10,10,10,10,10,10,9,10,10,10,3,3,3,3,3,1,1,1,1,4,4,4,4,4,4,4,4,4,4,4,4]
Time = 1256
it,Energy = 7,1963
E = [0,0,0,0,0,0,0,0,0,0,0,0,0,0,0,0,0,0,0,0,0,0,0,0,6,6,6,36,36,36,71,71,71,95,95,95,118,118,118,83,83,83,111,111,111,95,95,95,28,27,27,4,4,4,6,6,6,2,2,2,0,0,0,0,0,0,0,0,0,0,0,0]
Q = 5560
S = [10,10,10,10,10,10,10,10,10,10,10,10,10,10,10,10,10,10,10,10,10,10,10,10,10,10,10,10,10,10,10,10,10,10,10,10,9,9,8,8,8,8,10,10,6,10,10,10,8,9,9,5,2,2,1,1,1,1,1,1,4,4,4,4,4,4,4,4,4,4,4,4]
Time = 1255
it,Energy = 8,2008
E = [0,0,0,0,0,0,0,0,0,0,0,0,0,0,0,0,0,0,0,0,0,0,0,0,6,6,6,28,28,28,74,74,74,89,89,89,105,105,105,108,108,108,111,111,111,86,86,86,48,48,48,7,6,6,6,6,6,2,2,2,0,0,0,0,0,0,0,0,0,0,0,0]
Q = 5658
S = [10,10,10,10,10,10,10,10,10,10,10,10,10,10,10,10,10,10,10,10,10,10,10,10,10,10,10,9,9,9,9,9,9,9,9,9,10,10,10,9,9,9,10,10,10,10,10,10,9,9,8,9,3,3,1,1,1,1,1,1,4,4,4,4,4,4,4,4,4,4,4,4]
Time = 1258
it,Energy = 9,1959
E = [0,0,0,0,0,0,0,0,0,0,0,0,0,0,0,0,0,0,0,0,0,0,0,0,6,6,6,34,34,34,74,74,74,77,77,77,90,90,90,102,102,102,126,126,126,88,88,88,41,41,41,7,7,7,6,6,6,2,2,2,0,0,0,0,0,0,0,0,0,0,0,0]
Q = 5546
S = [10,10,10,10,10,10,10,10,10,10,10,10,10,10,10,10,10,10,10,10,10,10,10,10,10,10,10,9,9,8,8,8,8,9,9,9,10,10,10,9,9,9,10,10,10,8,8,8,10,10,6,9,3,3,1,1,1,1,1,1,4,4,4,4,4,4,4,4,4,4,4,4]
Time = 1266

