start parsing 69 lines:
--------------------
24 100
160 2000 1800 1840
100
[1, 22, 33, 43, 53, 63, 73, 84, 94, 104, 114, 124, 135, 145, 155, 165, 175, 186, 196, 206, 216, 226, 237, 247, 1, 11, 21, 32, 42, 52, 62, 72, 83, 93, 103, 113, 123, 134, 144, 154, 164, 174, 185, 195, 205, 215, 225, 236, 246, 0, 10, 20, 31, 41, 51, 61, 71, 82, 92, 102, 112, 122, 133, 143, 153, 163, 173, 184, 194, 204, 214, 224, 235, 245, 255, 9, 19, 30, 40, 50, 60, 70, 81, 91, 101, 111, 121, 132, 142, 152, 162, 172, 183, 193, 203, 213, 223, 234, 244, 254]
[1, 9, 13, 17, 21, 25, 29, 34, 38, 41, 45, 49, 54, 58, 62, 65, 69, 74, 78, 82, 86, 89, 94, 98, 1, 5, 9, 13, 17, 21, 25, 29, 33, 37, 41, 45, 49, 53, 57, 61, 65, 69, 73, 77, 81, 85, 89, 93, 97, 0, 4, 8, 13, 17, 21, 25, 28, 33, 37, 41, 45, 49, 53, 57, 61, 65, 69, 73, 77, 81, 85, 89, 93, 97, 101, 4, 8, 12, 16, 20, 24, 28, 32, 36, 40, 44, 48, 52, 56, 60, 64, 68, 73, 76, 80, 84, 88, 93, 97, 100]
[1, 9, 13, 17, 21, 25, 29, 34, 38, 41, 45, 49, 54, 58, 62, 65, 69, 74, 78, 82, 86, 89, 94, 98, 1, 5, 9, 13, 17, 21, 25, 29, 33, 37, 41, 45, 49, 53, 57, 61, 65, 69, 73, 77, 81, 85, 89, 93, 97, 0, 4, 8, 13, 17, 21, 25, 28, 33, 37, 41, 45, 49, 53, 57, 61, 65, 69, 73, 77, 81, 85, 89, 93, 97, 101, 4, 8, 12, 16, 20, 24, 28, 32, 36, 40, 44, 48, 52, 56, 60, 64, 68, 73, 76, 80, 84, 88, 93, 97, 100]
--------------------
iteration: 0, E = [  0   0   0   0   0   0   0   0  19 110 224 285 335 350 331 283 134  20  18   8   0   0   0   0]
quality input Carfagna    =	  855 	  100.00
quality python exact      =  855
S input Carfagna	= [99 99  9  9  9  9  9  9  9  9  9  9  9  9  9  9  9 56 56 56 53  1  1  1]
S python exact	= [ 1  1  8  8  9  9  9  9  9  9  9  9 21 21 21 21  9 26 27 26 26 56 56 56]
Time input Carfagna    =  2549
iteration: 1, E = [  0   0   0   0   0   0   0   0  12 129 215 287 355 290 331 192 134  23  18   5   0   0   0   0]
quality input Carfagna    =	  806 	  100.00
quality python exact      =  806
S input Carfagna	= [99  9  9  9  9  9  9  9  9  9  9  9  9  9  9  9  9 56  9  8  1  1  1  1]
S python exact	= [ 8  8  8  8  8  9  9  9  9  9  9  9  9  9 93 93 62 27 26 26 26 56 56 56]
Time input Carfagna    =  2516
iteration: 2, E = [  0   0   0   0   0   0   0   0  22 111 224 176 335 339 331 251 138  20  15   8   0   0   0   0]
quality input Carfagna    =	  798 	  100.00
quality python exact      =  798
S input Carfagna	= [99 62 56  9  9  9  9  9  9  9  9  9  9  9  9  9  9 56 56 56 54  1  1  1]
S python exact	= [ 8  9  9  9  9  9  9  9  9  9  9  9  9  9 56 99 62 27 26 26 26 56 56 56]
Time input Carfagna    =  2492
iteration: 3, E = [  0   0   0   0   0   0   0   0  20  88 257 285 341 392 297 251 128  20  13   5   0   0   0   0]
quality input Carfagna    =	  848 	  100.00
quality python exact      =  848
S input Carfagna	= [99 21  9  9  9  9  9  9  9  9  9  9  9  9  9  9  9 56 56 56 54  1  1  1]
S python exact	= [ 8  9  9  9  9  9  9  9  9  9  9  9  9  9 21 21 62 27 26 26 26 56 56 56]
Time input Carfagna    =  2545
iteration: 4, E = [  0   0   0   0   0   0   0   0  22  67 259 285 375 350 261 288 139  22  13   8   0   0   0   0]
quality input Carfagna    =	  844 	  100.00
quality python exact      =  844
S input Carfagna	= [99 21  9  9  9  9  9  9  9  9  9  9  9  9  9  9  9 56 56 56 53  1  1  1]
S python exact	= [ 1  1  8  9  9  9  9  9  9  9  9  9  9 21 99 99 62 27 26 26 26 56 56 56]
Time input Carfagna    =  2536
iteration: 5, E = [  0   0   0   0   0   0   0   0  16 110 224 285 298 409 331 200 143  20  18   7   0   0   0   0]
quality input Carfagna    =	  833 	  100.00
quality python exact      =  833
S input Carfagna	= [21 21  9  9  9  9  9  9  9  9  9  9  9  9  9  9  9 56 56 56 53  1  1  1]
S python exact	= [ 1  1  8  9  9  9  9  9  9  9  9  9  9 21 99 21 62 27 26 26 26 56 56 56]
Time input Carfagna    =  2533
iteration: 6, E = [  0   0   0   0   0   0   0   0  19 110 217 285 201 399 337 308 150  20  19   8   0   0   0   0]
quality input Carfagna    =	  838 	  100.00
quality python exact      =  838
S input Carfagna	= [21 21  9  9  9  9  9  9  9  9  9  9  9  9  9  9  9 56 56 27  8  1  1  1]
S python exact	= [ 1  8  8  8  8  9  9  9  9  9  9  9  9 15 21 99 62 27 27 26 26 56 56 56]
Time input Carfagna    =  2531
iteration: 7, E = [  0   0   0   0   0   0   0   0  19 110 215 285 351 248 331 283  83  13  18   7   0   0   0   0]
quality input Carfagna    =	  795 	  100.00
quality python exact      =  795
S input Carfagna	= [99 62 56  9  9  9  9  9  9  9  9  9  9  9  9  9  9 56 56  9  1  1  1  1]
S python exact	= [ 8  8  8  8  8  9  9  9  9  9  9  9  9  9 15 99 56 27 26 26 26 56 56 56]
Time input Carfagna    =  2504
iteration: 8, E = [  0   0   0   0   0   0   0   0  19  85 224 267 314 322 331 257 142  20  19   8   0   0   0   0]
quality input Carfagna    =	  813 	  100.00
quality python exact      =  813
S input Carfagna	= [21 15  9  9  9  9  9  9  9  9  9  9  9  9  9  9  9 56 56 56 54  1  1  1]
S python exact	= [ 8  8  9  9  9  9  9  9  9  9  9  9  9  9 15 21  9 27 27 26 26 56 56 56]
Time input Carfagna    =  2510
iteration: 9, E = [  0   0   0   0   0   0   0   0  19 102 224 233 268 304 377 263 123  22  18   6   0   0   0   0]
quality input Carfagna    =	  793 	  100.00
quality python exact      =  793
S input Carfagna	= [21  9  9  9  9  9  9  9  9  9  9  9  9  9  9  9  9 56 56 56 55  1  1  1]
S python exact	= [ 1  8  8  8  8  8  9  9  9  9  9  9  9  9 93 99 62 27 26 26 26 56 56 56]
Time input Carfagna    =  2499
Quality IoT (min,max,avg): 100.000, 100.000, 100.000
Quality Carfagna (min,max,avg): 100.000, 100.000, 100.000
Time (min,max,avg): 2492.000, 2549.000, 2521.500
