
#----------------------------------------------
K = 24
N = 30
BMIN = 160
BINIT = 1800
BMAX = 2000
BSAMPLING = 1840
EnergyForLevel = 1.00
MAX_QUALITY_LVL = 100

c_i = [  1, 22, 33, 43, 53, 63, 73, 84, 94,104,114,124,135,145,155,165,175,186,196,206,216,226,237,247,  1, 11, 21, 32, 42, 52]
q_i = [  2, 43, 64, 83,102,122,141,162,181,200,220,239,  4, 23, 43, 62, 81,102,121,141,160,179,200,219,  2, 22, 41, 62, 81,100]
l_i = [  2, 43, 64, 83,102,122,141,162,181,200,220,239,  4, 23, 43, 62, 81,102,121,141,160,179,200,219,  2, 22, 41, 62, 81,100]

e_i = [  0,  0,  0,  0,  0,  0,  0,  0, 19,110,224,285,335,350,331,283,134, 20, 18,  8,  0,  0,  0,  0]
E_i = [  0,  0,  0,  0,  0,  0,  0,  0, 19,110,224,285,335,350,331,283,134, 20, 18,  8,  0,  0,  0,  0]
#----------------------------------------------
it,Energy = 0,2117
E = [0,0,0,0,0,0,0,0,19,110,224,285,335,350,331,283,134,20,18,8,0,0,0,0]
Q = 2178
S = [27,26,26,26,26,11,11,11,2,6,6,6,5,30,30,30,30,27,6,6,3,2,2,2]
Time = 792
it,Energy = 1,1991
E = [0,0,0,0,0,0,0,0,12,129,215,287,355,290,331,192,134,23,18,5,0,0,0,0]
Q = 2178
S = [27,26,26,26,26,11,11,11,2,6,6,6,5,30,30,30,30,28,6,2,6,2,2,2]
Time = 792
it,Energy = 2,1970
E = [0,0,0,0,0,0,0,0,22,111,224,176,335,339,331,251,138,20,15,8,0,0,0,0]
Q = 2173
S = [27,27,26,26,26,26,11,11,11,6,6,6,5,5,30,30,30,27,6,26,26,26,6,6]
Time = 792
it,Energy = 3,2097
E = [0,0,0,0,0,0,0,0,20,88,257,285,341,392,297,251,128,20,13,5,0,0,0,0]
Q = 2162
S = [27,26,26,26,26,11,11,11,2,6,6,6,5,30,30,30,30,3,3,8,2,2,2,2]
Time = 792
it,Energy = 4,2089
E = [0,0,0,0,0,0,0,0,22,67,259,285,375,350,261,288,139,22,13,8,0,0,0,0]
Q = 2173
S = [27,26,26,26,26,11,11,11,2,6,6,6,5,30,30,30,30,2,6,26,26,26,26,11]
Time = 792
it,Energy = 5,2061
E = [0,0,0,0,0,0,0,0,16,110,224,285,298,409,331,200,143,20,18,7,0,0,0,0]
Q = 2176
S = [27,26,26,26,26,11,11,11,2,6,6,6,5,30,30,30,30,2,6,26,6,6,2,1]
Time = 792
it,Energy = 6,2073
E = [0,0,0,0,0,0,0,0,19,110,217,285,201,399,337,308,150,20,19,8,0,0,0,0]
Q = 2180
S = [26,26,26,26,26,26,26,11,11,11,11,6,6,6,30,30,30,2,6,6,3,2,2,2]
Time = 792
it,Energy = 7,1963
E = [0,0,0,0,0,0,0,0,19,110,215,285,351,248,331,283,83,13,18,7,0,0,0,0]
Q = 2162
S = [27,26,26,26,26,11,11,11,2,6,6,6,5,30,30,30,30,3,3,8,2,2,2,2]
Time = 792
it,Energy = 8,2008
E = [0,0,0,0,0,0,0,0,19,85,224,267,314,322,331,257,142,20,19,8,0,0,0,0]
Q = 2180
S = [27,26,26,26,26,11,11,11,2,6,6,6,5,30,30,30,30,2,6,6,3,2,2,2]
Time = 791
it,Energy = 9,1959
E = [0,0,0,0,0,0,0,0,19,102,224,233,268,304,377,263,123,22,18,6,0,0,0,0]
Q = 2178
S = [26,26,26,26,26,26,26,11,11,11,11,6,6,6,30,30,30,28,6,2,6,2,2,2]
Time = 791

