#----------------------------------------------
K = 24
N = 100
BMIN = 160
BINIT = 1800
BMAX = 2000
BSAMPLING = 1840
EnergyForLevel = 1.00
MAX_QUALITY_LVL = 100

c_i = [  1, 22, 33, 43, 53, 63, 73, 84, 94,104,114,124,135,145,155,165,175,186,196,206,216,226,237,247,  1, 11, 21, 32, 42, 52, 62, 72, 83, 93,103,113,123,134,144,154,164,174,185,195,205,215,225,236,246,  0, 10, 20, 31, 41, 51, 61, 71, 82, 92,102,112,122,133,143,153,163,173,184,194,204,214,224,235,245,255,  9, 19, 30, 40, 50, 60, 70, 81, 91,101,111,121,132,142,152,162,172,183,193,203,213,223,234,244,254]
q_i = [  1,  9, 13, 17, 21, 25, 29, 34, 38, 41, 45, 49, 54, 58, 62, 65, 69, 74, 78, 82, 86, 89, 94, 98,  1,  5,  9, 13, 17, 21, 25, 29, 33, 37, 41, 45, 49, 53, 57, 61, 65, 69, 73, 77, 81, 85, 89, 93, 97,  0,  4,  8, 13, 17, 21, 25, 28, 33, 37, 41, 45, 49, 53, 57, 61, 65, 69, 73, 77, 81, 85, 89, 93, 97,101,  4,  8, 12, 16, 20, 24, 28, 32, 36, 40, 44, 48, 52, 56, 60, 64, 68, 73, 76, 80, 84, 88, 93, 97,100]
l_i = [  1,  9, 13, 17, 21, 25, 29, 34, 38, 41, 45, 49, 54, 58, 62, 65, 69, 74, 78, 82, 86, 89, 94, 98,  1,  5,  9, 13, 17, 21, 25, 29, 33, 37, 41, 45, 49, 53, 57, 61, 65, 69, 73, 77, 81, 85, 89, 93, 97,  0,  4,  8, 13, 17, 21, 25, 28, 33, 37, 41, 45, 49, 53, 57, 61, 65, 69, 73, 77, 81, 85, 89, 93, 97,101,  4,  8, 12, 16, 20, 24, 28, 32, 36, 40, 44, 48, 52, 56, 60, 64, 68, 73, 76, 80, 84, 88, 93, 97,100]

e_i = [  0,  0,  0,  0,  0,  0,  0,  0, 19,110,224,285,335,350,331,283,134, 20, 18,  8,  0,  0,  0,  0]
E_i = [  0,  0,  0,  0,  0,  0,  0,  0, 19,110,224,285,335,350,331,283,134, 20, 18,  8,  0,  0,  0,  0]
#----------------------------------------------
it,Energy = 0,2117
E = [0,0,0,0,0,0,0,0,19,110,224,285,335,350,331,283,134,20,18,8,0,0,0,0]
Q = 855
S = [99,99,9,9,9,9,9,9,9,9,9,9,9,9,9,9,9,56,56,56,53,1,1,1]
Time = 2549
it,Energy = 1,1991
E = [0,0,0,0,0,0,0,0,12,129,215,287,355,290,331,192,134,23,18,5,0,0,0,0]
Q = 806
S = [99,9,9,9,9,9,9,9,9,9,9,9,9,9,9,9,9,56,9,8,1,1,1,1]
Time = 2516
it,Energy = 2,1970
E = [0,0,0,0,0,0,0,0,22,111,224,176,335,339,331,251,138,20,15,8,0,0,0,0]
Q = 798
S = [99,62,56,9,9,9,9,9,9,9,9,9,9,9,9,9,9,56,56,56,54,1,1,1]
Time = 2492
it,Energy = 3,2097
E = [0,0,0,0,0,0,0,0,20,88,257,285,341,392,297,251,128,20,13,5,0,0,0,0]
Q = 848
S = [99,21,9,9,9,9,9,9,9,9,9,9,9,9,9,9,9,56,56,56,54,1,1,1]
Time = 2545
it,Energy = 4,2089
E = [0,0,0,0,0,0,0,0,22,67,259,285,375,350,261,288,139,22,13,8,0,0,0,0]
Q = 844
S = [99,21,9,9,9,9,9,9,9,9,9,9,9,9,9,9,9,56,56,56,53,1,1,1]
Time = 2536
it,Energy = 5,2061
E = [0,0,0,0,0,0,0,0,16,110,224,285,298,409,331,200,143,20,18,7,0,0,0,0]
Q = 833
S = [21,21,9,9,9,9,9,9,9,9,9,9,9,9,9,9,9,56,56,56,53,1,1,1]
Time = 2533
it,Energy = 6,2073
E = [0,0,0,0,0,0,0,0,19,110,217,285,201,399,337,308,150,20,19,8,0,0,0,0]
Q = 838
S = [21,21,9,9,9,9,9,9,9,9,9,9,9,9,9,9,9,56,56,27,8,1,1,1]
Time = 2531
it,Energy = 7,1963
E = [0,0,0,0,0,0,0,0,19,110,215,285,351,248,331,283,83,13,18,7,0,0,0,0]
Q = 795
S = [99,62,56,9,9,9,9,9,9,9,9,9,9,9,9,9,9,56,56,9,1,1,1,1]
Time = 2504
it,Energy = 8,2008
E = [0,0,0,0,0,0,0,0,19,85,224,267,314,322,331,257,142,20,19,8,0,0,0,0]
Q = 813
S = [21,15,9,9,9,9,9,9,9,9,9,9,9,9,9,9,9,56,56,56,54,1,1,1]
Time = 2510
it,Energy = 9,1959
E = [0,0,0,0,0,0,0,0,19,102,224,233,268,304,377,263,123,22,18,6,0,0,0,0]
Q = 793
S = [21,9,9,9,9,9,9,9,9,9,9,9,9,9,9,9,9,56,56,56,55,1,1,1]
Time = 2499

