#----------------------------------------------
K = 96
N = 10
BMIN = 160
BINIT = 1800
BMAX = 2000
BSAMPLING = 1840
EnergyForLevel = 1.00
MAX_QUALITY_LVL = 5

c_i = [  1,  6,  9, 11, 14, 16, 19, 21, 24, 26]
q_i = [  4, 24, 35, 43, 54, 62, 74, 81, 93,100]
l_i = [  0,  1,  1,  2,  2,  3,  3,  4,  4,  5]

e_i = [  0,  0,  0,  0,  0,  0,  0,  0, 19,110,224,285,335,350,331,283,134, 20, 18,  8,  0,  0,  0,  0]
E_i = [  0,  0,  0,  0,  0,  0,  0,  0,  0,  0,  0,  0,  0,  0,  0,  0,  0,  0,  0,  0,  0,  0,  0,  0,
  0,  0,  0,  0,  0,  0,  0,  0,  4,  4,  4,  4, 27, 27, 27, 27, 56, 56, 56, 56, 71, 71, 71, 71, 84,
 84, 84, 84, 88, 88, 88, 88, 83, 83, 83, 83, 71, 71, 71, 71, 34, 34, 34, 34,  6,  5,  5,  5,  4,  4,
  4,  4,  2,  2,  2,  2,  0,  0,  0,  0,  0,  0,  0,  0,  0,  0,  0,  0,  0,  0,  0,  0]
#----------------------------------------------
it,Energy = 0,2117
E = [0,0,0,0,0,0,0,0,0,0,0,0,0,0,0,0,0,0,0,0,0,0,0,0,0,0,0,0,0,0,0,0,4,4,4,4,27,27,27,27,56,56,56,56,71,71,71,71,84,84,84,84,88,88,88,88,83,83,83,83,71,71,71,71,34,34,34,34,6,5,5,5,4,4,4,4,2,2,2,2,0,0,0,0,0,0,0,0,0,0,0,0,0,0,0,0]
Q = 7738
S = [10,10,10,10,10,10,10,10,10,10,10,10,10,10,10,10,10,10,10,10,10,10,10,10,10,10,10,10,10,10,10,10,10,10,10,10,10,10,10,10,10,10,10,10,10,10,10,10,10,10,10,10,10,10,10,10,10,10,10,10,10,10,10,10,10,10,10,10,10,10,10,10,10,10,10,10,6,1,1,1,1,1,1,1,1,1,1,1,1,1,1,1,1,1,1,1]
Time = 242
it,Energy = 1,1991
E = [0,0,0,0,0,0,0,0,0,0,0,0,0,0,0,0,0,0,0,0,0,0,0,0,0,0,0,0,0,0,0,0,3,3,3,3,32,32,32,32,53,53,53,53,71,71,71,71,89,89,89,89,73,73,73,73,83,83,83,83,49,49,49,49,34,34,34,34,6,6,6,5,4,4,4,4,1,1,1,1,0,0,0,0,0,0,0,0,0,0,0,0,0,0,0,0]
Q = 7661
S = [10,10,10,10,10,10,10,10,10,10,10,10,10,10,10,10,10,10,10,10,10,10,10,10,10,10,10,10,10,10,10,10,10,10,10,10,10,10,10,10,10,10,10,10,10,10,10,10,10,10,10,10,10,10,10,10,10,10,10,10,10,10,10,10,10,10,10,10,10,10,10,10,10,10,10,8,1,1,1,1,1,1,1,1,1,1,1,1,1,1,1,1,1,1,1,1]
Time = 242
it,Energy = 2,1970
E = [0,0,0,0,0,0,0,0,0,0,0,0,0,0,0,0,0,0,0,0,0,0,0,0,0,0,0,0,0,0,0,0,5,5,5,5,27,27,27,27,56,56,56,56,44,44,44,44,84,84,84,84,85,85,85,85,83,83,83,83,63,63,63,63,35,35,35,35,6,6,5,5,3,3,3,3,2,2,2,2,0,0,0,0,0,0,0,0,0,0,0,0,0,0,0,0]
Q = 7565
S = [10,10,10,10,10,10,10,10,10,10,10,10,10,10,10,10,10,10,10,10,10,10,10,10,10,10,10,10,10,10,10,10,10,10,10,10,10,10,10,10,10,10,10,10,10,10,10,10,10,10,10,10,10,10,10,10,10,10,10,10,10,10,10,10,10,10,10,10,10,10,10,10,10,10,8,1,1,1,1,1,1,1,1,1,1,1,1,1,1,1,1,1,1,1,1,1]
Time = 242
it,Energy = 3,2097
E = [0,0,0,0,0,0,0,0,0,0,0,0,0,0,0,0,0,0,0,0,0,0,0,0,0,0,0,0,0,0,0,0,5,5,5,5,22,22,22,22,64,64,64,64,71,71,71,71,86,86,86,86,99,99,99,99,75,74,74,74,62,62,62,62,32,32,32,32,5,5,5,5,3,3,3,3,1,1,1,1,0,0,0,0,0,0,0,0,0,0,0,0,0,0,0,0]
Q = 7700
S = [10,10,10,10,10,10,10,10,10,10,10,10,10,10,10,10,10,10,10,10,10,10,10,10,10,10,10,10,10,10,10,10,10,10,10,10,10,10,10,10,10,10,10,10,10,10,10,10,10,10,10,10,10,10,10,10,10,10,10,10,10,10,10,10,10,10,10,10,10,10,10,10,10,10,10,10,2,1,1,1,1,1,1,1,1,1,1,1,1,1,1,1,1,1,1,1]
Time = 242
it,Energy = 4,2089
E = [0,0,0,0,0,0,0,0,0,0,0,0,0,0,0,0,0,0,0,0,0,0,0,0,0,0,0,0,0,0,0,0,5,5,5,5,16,16,16,16,64,64,64,64,71,71,71,71,94,94,94,94,88,88,88,88,66,66,66,66,73,73,73,73,35,35,35,35,6,5,5,5,3,3,3,3,2,2,2,2,0,0,0,0,0,0,0,0,0,0,0,0,0,0,0,0]
Q = 7719
S = [10,10,10,10,10,10,10,10,10,10,10,10,10,10,10,10,10,10,10,10,10,10,10,10,10,10,10,10,10,10,10,10,10,10,10,10,10,10,10,10,10,10,10,10,10,10,10,10,10,10,10,10,10,10,10,10,10,10,10,10,10,10,10,10,10,10,10,10,10,10,10,10,10,10,10,10,4,1,1,1,1,1,1,1,1,1,1,1,1,1,1,1,1,1,1,1]
Time = 242
it,Energy = 5,2061
E = [0,0,0,0,0,0,0,0,0,0,0,0,0,0,0,0,0,0,0,0,0,0,0,0,0,0,0,0,0,0,0,0,4,4,4,4,27,27,27,27,56,56,56,56,71,71,71,71,75,75,75,75,103,103,103,103,83,83,83,83,51,51,51,51,36,35,35,35,5,5,5,5,4,4,4,4,1,1,1,1,0,0,0,0,0,0,0,0,0,0,0,0,0,0,0,0]
Q = 7719
S = [10,10,10,10,10,10,10,10,10,10,10,10,10,10,10,10,10,10,10,10,10,10,10,10,10,10,10,10,10,10,10,10,10,10,10,10,10,10,10,10,10,10,10,10,10,10,10,10,10,10,10,10,10,10,10,10,10,10,10,10,10,10,10,10,10,10,10,10,10,10,10,10,10,10,10,10,4,1,1,1,1,1,1,1,1,1,1,1,1,1,1,1,1,1,1,1]
Time = 243
it,Energy = 6,2073
E = [0,0,0,0,0,0,0,0,0,0,0,0,0,0,0,0,0,0,0,0,0,0,0,0,0,0,0,0,0,0,0,0,4,4,4,4,27,27,27,27,54,54,54,54,71,71,71,71,51,51,51,51,100,100,100,100,85,85,85,85,78,78,78,78,38,37,37,37,5,5,5,5,4,4,4,4,2,2,2,2,0,0,0,0,0,0,0,0,0,0,0,0,0,0,0,0]
Q = 7738
S = [10,10,10,10,10,10,10,10,10,10,10,10,10,10,10,10,10,10,10,10,10,10,10,10,10,10,10,10,10,10,10,10,10,10,10,10,10,10,10,10,10,10,10,10,10,10,10,10,10,10,10,10,10,10,10,10,10,10,10,10,10,10,10,10,10,10,10,10,10,10,10,10,10,10,10,10,6,1,1,1,1,1,1,1,1,1,1,1,1,1,1,1,1,1,1,1]
Time = 242
it,Energy = 7,1963
E = [0,0,0,0,0,0,0,0,0,0,0,0,0,0,0,0,0,0,0,0,0,0,0,0,0,0,0,0,0,0,0,0,4,4,4,4,27,27,27,27,53,53,53,53,71,71,71,71,88,88,88,88,63,63,63,63,83,83,83,83,71,71,71,71,21,21,21,21,4,4,4,4,5,5,5,4,1,1,1,1,0,0,0,0,0,0,0,0,0,0,0,0,0,0,0,0]
Q = 7546
S = [10,10,10,10,10,10,10,10,10,10,10,10,10,10,10,10,10,10,10,10,10,10,10,10,10,10,10,10,10,10,10,10,10,10,10,10,10,10,10,10,10,10,10,10,10,10,10,10,10,10,10,10,10,10,10,10,10,10,10,10,10,10,10,10,10,10,10,10,10,10,10,10,10,10,6,1,1,1,1,1,1,1,1,1,1,1,1,1,1,1,1,1,1,1,1,1]
Time = 242
it,Energy = 8,2008
E = [0,0,0,0,0,0,0,0,0,0,0,0,0,0,0,0,0,0,0,0,0,0,0,0,0,0,0,0,0,0,0,0,4,4,4,4,21,21,21,21,56,56,56,56,66,66,66,66,79,79,79,79,81,81,81,81,83,83,83,83,65,65,65,65,36,36,36,36,5,5,5,5,4,4,4,4,2,2,2,2,0,0,0,0,0,0,0,0,0,0,0,0,0,0,0,0]
Q = 7719
S = [10,10,10,10,10,10,10,10,10,10,10,10,10,10,10,10,10,10,10,10,10,10,10,10,10,10,10,10,10,10,10,10,10,10,10,10,10,10,10,10,10,10,10,10,10,10,10,10,10,10,10,10,10,10,10,10,10,10,10,10,10,10,10,10,10,10,10,10,10,10,10,10,10,10,10,10,4,1,1,1,1,1,1,1,1,1,1,1,1,1,1,1,1,1,1,1]
Time = 242
it,Energy = 9,1959
E = [0,0,0,0,0,0,0,0,0,0,0,0,0,0,0,0,0,0,0,0,0,0,0,0,0,0,0,0,0,0,0,0,4,4,4,4,25,25,25,25,56,56,56,56,58,58,58,58,68,68,68,68,77,77,77,77,95,95,95,95,66,66,66,66,31,31,31,30,5,5,5,5,4,4,4,4,1,1,1,1,0,0,0,0,0,0,0,0,0,0,0,0,0,0,0,0]
Q = 7527
S = [10,10,10,10,10,10,10,10,10,10,10,10,10,10,10,10,10,10,10,10,10,10,10,10,10,10,10,10,10,10,10,10,10,10,10,10,10,10,10,10,10,10,10,10,10,10,10,10,10,10,10,10,10,10,10,10,10,10,10,10,10,10,10,10,10,10,10,10,10,10,10,10,10,10,4,1,1,1,1,1,1,1,1,1,1,1,1,1,1,1,1,1,1,1,1,1]
Time = 242

