start parsing 70 lines:
--------------------
48 10
160 2000 1800 368
100
[1, 11, 17, 22, 27, 32, 37, 42, 47, 52]
[2, 22, 33, 43, 52, 62, 72, 81, 91, 100]
[]
--------------------
iteration: 0, E = [  0   0   0   0   0   0   0   0   0   0   0   0   0   0   0   0   9   9
  55  55 112 112 142 142 168 168 176 176 166 165 141 141  67  67  10  10
   9   9   4   4   0   0   0   0   0   0   0   0]
quality input IoT    =  3800
quality python exact      =  3884
quality python carfagna   =  96
S input IoT = [10 10 10 10 10 10 10 10 10 10 10 10 10 10 10 10 10 10 10 10 10 10 10 10
 10 10 10 10 10 10 10 10 10 10  3  3  3  3  3  3  3  3  3  3  3  3  1  1]
S python exact    = [10 10 10 10 10 10 10 10 10 10 10 10 10 10 10 10 10 10 10 10 10 10 10 10
 10 10 10 10 10 10 10 10 10 10  2  2  2  2  2  2  2  4  4  4  4  4  4  7]
S python carfagna = [1 1 1 1 1 1 1 1 1 1 1 1 1 1 1 1 1 1 1 1 1 1 1 1 1 1 1 1 1 1 1 1 1 1 1 1 1
 1 1 1 1 1 1 1 1 1 1 1]
Time input IoT    =  841
iteration: 1, E = [  0   0   0   0   0   0   0   0   0   0   0   0   0   0   0   0   6   6
  64  64 107 107 143 143 178 178 146 146 166 166  97  96  67  67  11  11
   9   9   2   2   0   0   0   0   0   0   0   0]
quality input IoT    =  3636
quality python exact      =  3843
quality python carfagna   =  96
S input IoT = [10 10 10 10 10 10 10 10 10 10 10 10 10 10 10 10 10 10 10 10 10 10 10 10
 10 10 10 10 10  2  9  2  9  9  2  2  4  3  3  3  3  3  3  3  3  3  3  1]
S python exact    = [ 9  9  9  9 10 10 10 10 10 10 10 10 10 10 10 10 10 10 10 10 10 10 10 10
 10 10 10 10 10 10 10 10 10 10  2  2  2  2  2  2  2  2  2  2  4  7  7  7]
S python carfagna = [1 1 1 1 1 1 1 1 1 1 1 1 1 1 1 1 1 1 1 1 1 1 1 1 1 1 1 1 1 1 1 1 1 1 1 1 1
 1 1 1 1 1 1 1 1 1 1 1]
Time input IoT    =  832
iteration: 2, E = [  0   0   0   0   0   0   0   0   0   0   0   0   0   0   0   0  11  11
  55  55 112 112  88  88 168 168 170 170 166 166 125 125  69  69  10  10
   7   7   4   4   0   0   0   0   0   0   0   0]
quality input IoT    =  3572
quality python exact      =  3805
quality python carfagna   =  96
S input IoT = [10 10 10 10 10 10 10 10 10 10 10 10 10 10 10 10 10 10 10 10 10 10 10 10
  9  9  9  9  2  2  9  9  9  9  3  3  3  3  3  3  3  3  3  3  3  3  1  1]
S python exact    = [ 9  9  9  9  9  9  9  9 10 10 10 10 10 10 10 10 10 10 10 10 10 10 10 10
 10 10 10 10 10 10 10 10 10 10  2  2  2  2  2  2  2  2  2  2  2  7  7  9]
S python carfagna = [1 1 1 1 1 1 1 1 1 1 1 1 1 1 1 1 1 1 1 1 1 1 1 1 1 1 1 1 1 1 1 1 1 1 1 1 1
 1 1 1 1 1 1 1 1 1 1 1]
Time input IoT    =  849
iteration: 3, E = [  0   0   0   0   0   0   0   0   0   0   0   0   0   0   0   0  10  10
  44  44 128 128 142 142 171 171 197 197 149 149 126 125  64  64  10  10
   6   6   2   2   0   0   0   0   0   0   0   0]
quality input IoT    =  3800
quality python exact      =  3864
quality python carfagna   =  96
S input IoT = [10 10 10 10 10 10 10 10 10 10 10 10 10 10 10 10 10 10 10 10 10 10 10 10
 10 10 10 10 10 10 10 10 10 10  3  3  1  1  3  3  3  3  3  3  3  3  3  3]
S python exact    = [10 10 10 10 10 10 10 10 10 10 10 10 10 10 10 10 10 10 10 10 10 10 10 10
 10 10 10 10 10 10 10 10 10 10  2  2  2  1  2  2  2  4  4  4  4  4  4  7]
S python carfagna = [1 1 1 1 1 1 1 1 1 1 1 1 1 1 1 1 1 1 1 1 1 1 1 1 1 1 1 1 1 1 1 1 1 1 1 1 1
 1 1 1 1 1 1 1 1 1 1 1]
Time input IoT    =  841
iteration: 4, E = [  0   0   0   0   0   0   0   0   0   0   0   0   0   0   0   0  11  11
  33  33 129 129 142 142 188 188 176 176 131 131 145 144  69  69  11  11
   6   6   4   4   0   0   0   0   0   0   0   0]
quality input IoT    =  3800
quality python exact      =  3877
quality python carfagna   =  96
S input IoT = [10 10 10 10 10 10 10 10 10 10 10 10 10 10 10 10 10 10 10 10 10 10 10 10
 10 10 10 10 10 10 10 10  9  9  2  2  2  2  3  3  3  3  3  3  3  3  3  3]
S python exact    = [10 10 10 10 10 10 10 10 10 10 10 10 10 10 10 10 10 10 10 10 10 10 10 10
 10 10 10 10 10 10 10 10 10 10  2  2  2  2  2  2  2  2  2  2  2  7  7  9]
S python carfagna = [1 1 1 1 1 1 1 1 1 1 1 1 1 1 1 1 1 1 1 1 1 1 1 1 1 1 1 1 1 1 1 1 1 1 1 1 1
 1 1 1 1 1 1 1 1 1 1 1]
Time input IoT    =  850
iteration: 5, E = [  0   0   0   0   0   0   0   0   0   0   0   0   0   0   0   0   8   8
  55  55 112 112 142 142 150 150 205 205 166 165 100 100  71  71  10  10
   9   9   3   3   0   0   0   0   0   0   0   0]
quality input IoT    =  3728
quality python exact      =  3880
quality python carfagna   =  96
S input IoT = [10 10 10 10 10 10 10 10 10 10 10 10 10 10 10 10 10 10 10 10 10 10 10 10
 10 10  9  9  9  9  9  9  9  9  3  3  3  3  3  3  3  3  3  3  3  3  1  1]
S python exact    = [10 10 10 10 10 10 10 10 10 10 10 10 10 10 10 10 10 10 10 10 10 10 10 10
 10 10 10 10 10 10 10 10 10 10  2  2  2  2  1  2  2  2  2  4  4  7  7  7]
S python carfagna = [1 1 1 1 1 1 1 1 1 1 1 1 1 1 1 1 1 1 1 1 1 1 1 1 1 1 1 1 1 1 1 1 1 1 1 1 1
 1 1 1 1 1 1 1 1 1 1 1]
Time input IoT    =  850
iteration: 6, E = [  0   0   0   0   0   0   0   0   0   0   0   0   0   0   0   0   9   9
  55  55 108 108 142 142 101 101 200 200 169 169 155 154  75  75  10  10
   9   9   4   4   0   0   0   0   0   0   0   0]
quality input IoT    =  3746
quality python exact      =  3884
quality python carfagna   =  96
S input IoT = [10 10 10 10 10 10 10 10 10 10 10 10 10 10 10 10 10 10 10 10 10 10 10 10
 10 10 10 10  9  9  9  9  9  9  3  3  3  3  3  3  3  3  3  3  3  3  1  1]
S python exact    = [10 10 10 10 10 10 10 10 10 10 10 10 10 10 10 10 10 10 10 10 10 10 10 10
 10 10 10 10 10 10 10 10 10 10  2  2  2  2  2  2  2  4  4  4  4  4  4  7]
S python carfagna = [1 1 1 1 1 1 1 1 1 1 1 1 1 1 1 1 1 1 1 1 1 1 1 1 1 1 1 1 1 1 1 1 1 1 1 1 1
 1 1 1 1 1 1 1 1 1 1 1]
Time input IoT    =  858
iteration: 7, E = [  0   0   0   0   0   0   0   0   0   0   0   0   0   0   0   0   9   9
  55  55 107 107 142 142 176 176 125 125 166 166 142 142  42  41   6   6
   9   9   3   3   0   0   0   0   0   0   0   0]
quality input IoT    =  3580
quality python exact      =  3790
quality python carfagna   =  96
S input IoT = [10 10 10 10 10 10 10 10 10 10 10 10 10 10 10 10 10 10 10 10 10 10 10 10
 10  9  9  9  9  2  9  9  9  2  2  1  4  3  3  3  3  3  3  3  3  3  3  1]
S python exact    = [ 9  9  9  9 10 10 10 10 10 10 10 10 10 10 10 10 10 10 10 10 10 10 10 10
 10 10 10 10 10 10 10 10  9  7  2  2  2  2  2  2  2  2  4  4  4  4  4  7]
S python carfagna = [1 1 1 1 1 1 1 1 1 1 1 1 1 1 1 1 1 1 1 1 1 1 1 1 1 1 1 1 1 1 1 1 1 1 1 1 1
 1 1 1 1 1 1 1 1 1 1 1]
Time input IoT    =  835
iteration: 8, E = [  0   0   0   0   0   0   0   0   0   0   0   0   0   0   0   0   9   9
  42  42 112 112 133 133 158 158 162 162 166 166 128 128  71  71  10  10
   9   9   4   4   0   0   0   0   0   0   0   0]
quality input IoT    =  3659
quality python exact      =  3873
quality python carfagna   =  96
S input IoT = [10 10 10 10 10 10 10 10 10 10 10 10 10 10 10 10 10 10 10 10 10 10 10 10
 10 10  9  9  9  9  9  9  9  2  3  3  3  3  3  3  3  3  3  3  3  3  1  1]
S python exact    = [ 9 10 10 10 10 10 10 10 10 10 10 10 10 10 10 10 10 10 10 10 10 10 10 10
 10 10 10 10 10 10 10 10 10 10  2  2  2  2  2  2  2  2  3  4  4  4  7  7]
S python carfagna = [1 1 1 1 1 1 1 1 1 1 1 1 1 1 1 1 1 1 1 1 1 1 1 1 1 1 1 1 1 1 1 1 1 1 1 1 1
 1 1 1 1 1 1 1 1 1 1 1]
Time input IoT    =  841
iteration: 9, E = [  0   0   0   0   0   0   0   0   0   0   0   0   0   0   0   0   9   9
  51  51 112 112 116 116 135 135 153 153 189 188 131 131  61  61  11  11
   9   9   3   3   0   0   0   0   0   0   0   0]
quality input IoT    =  3558
quality python exact      =  3785
quality python carfagna   =  96
S input IoT = [10 10 10 10 10 10 10 10 10 10 10 10 10 10 10 10 10 10 10 10 10 10 10 10
 10 10 10 10  9  9  9  2  2  2  2  2  4  3  3  3  3  3  3  3  3  3  3  1]
S python exact    = [ 9  9  9  9  9  9  9  9  9  9  9 10 10 10 10 10 10 10 10 10 10 10 10 10
 10 10 10 10 10 10 10 10 10 10  2  2  2  2  2  2  2  4  4  4  4  4  4  7]
S python carfagna = [1 1 1 1 1 1 1 1 1 1 1 1 1 1 1 1 1 1 1 1 1 1 1 1 1 1 1 1 1 1 1 1 1 1 1 1 1
 1 1 1 1 1 1 1 1 1 1 1]
Time input IoT    =  850
Quality IoT (min,max,avg): 93.876, 98.344, 95.815
Quality Carfagna (min,max,avg): 3706.250, 3958.333, 3841.562
Time (min,max,avg): 832.000, 858.000, 844.700
