
#----------------------------------------------
K = 48
N = 10
BMIN = 160
BINIT = 1800
BMAX = 2000
BSAMPLING = 1472
EnergyForLevel = 1.25
MAX_QUALITY_LVL = 100

c_i = [  1, 11, 17, 22, 27, 32, 37, 42, 47, 52]
q_i = [  2, 22, 33, 43, 52, 62, 72, 81, 91,100]

e_i = [  0,  0,  0,  0,  0,  0,  0,  0, 19,110,224,285,335,350,331,283,134, 20, 18,  8,  0,  0,  0,  0]
E_i = [  0,  0,  0,  0,  0,  0,  0,  0,  0,  0,  0,  0,  0,  0,  0,  0,  9,  9, 55, 55,112,112,142,142,
168,168,176,176,166,165,141,141, 67, 67, 10, 10,  9,  9,  4,  4,  0,  0,  0,  0,  0,  0,  0,  0]
#----------------------------------------------
it,Energy = 0,2117
E = [0,0,0,0,0,0,0,0,0,0,0,0,0,0,0,0,9,9,55,55,112,112,142,142,168,168,176,176,166,165,141,141,67,67,10,10,9,9,4,4,0,0,0,0,0,0,0,0]
Q = 3884
S = [10,10,10,10,10,10,10,10,10,10,10,10,10,10,10,10,10,10,10,10,10,10,10,10,10,10,10,10,10,10,10,10,10,10,7,2,4,2,4,2,4,4,2,4,2,2,2,4]
Time = 3526
it,Energy = 1,1991
E = [0,0,0,0,0,0,0,0,0,0,0,0,0,0,0,0,6,6,64,64,107,107,143,143,178,178,146,146,166,166,97,96,67,67,11,11,9,9,2,2,0,0,0,0,0,0,0,0]
Q = 3825
S = [10,10,10,10,10,10,10,10,10,10,10,10,10,10,10,10,10,10,10,10,10,10,10,10,10,10,10,10,9,9,9,9,9,9,7,7,2,2,2,2,2,2,2,7,2,2,2,4]
Time = 3538
it,Energy = 2,1970
E = [0,0,0,0,0,0,0,0,0,0,0,0,0,0,0,0,11,11,55,55,112,112,88,88,168,168,170,170,166,166,125,125,69,69,10,10,7,7,4,4,0,0,0,0,0,0,0,0]
Q = 3781
S = [10,10,10,10,10,10,10,10,10,10,10,10,10,10,10,10,10,10,10,10,10,10,10,10,9,9,9,9,9,9,9,9,9,9,7,7,4,2,2,2,2,2,2,4,2,2,2,4]
Time = 3526
it,Energy = 3,2097
E = [0,0,0,0,0,0,0,0,0,0,0,0,0,0,0,0,10,10,44,44,128,128,142,142,171,171,197,197,149,149,126,125,64,64,10,10,6,6,2,2,0,0,0,0,0,0,0,0]
Q = 3864
S = [10,10,10,10,10,10,10,10,10,10,10,10,10,10,10,10,10,10,10,10,10,10,10,10,10,10,10,10,10,10,10,10,10,10,7,2,2,2,4,4,4,4,2,4,2,2,1,4]
Time = 3526
it,Energy = 4,2089
E = [0,0,0,0,0,0,0,0,0,0,0,0,0,0,0,0,11,11,33,33,129,129,142,142,188,188,176,176,131,131,145,144,69,69,11,11,6,6,4,4,0,0,0,0,0,0,0,0]
Q = 3877
S = [10,10,10,10,10,10,10,10,10,10,10,10,10,10,10,10,10,10,10,10,10,10,10,10,10,10,10,10,10,10,10,10,10,10,9,2,2,2,2,2,2,2,2,7,2,2,2,7]
Time = 3542
it,Energy = 5,2061
E = [0,0,0,0,0,0,0,0,0,0,0,0,0,0,0,0,8,8,55,55,112,112,142,142,150,150,205,205,166,165,100,100,71,71,10,10,9,9,3,3,0,0,0,0,0,0,0,0]
Q = 3880
S = [10,10,10,10,10,10,10,10,10,10,10,10,10,10,10,10,10,10,10,10,10,10,10,10,10,10,10,10,10,10,10,10,10,10,9,2,7,2,4,2,2,2,2,4,2,2,2,3]
Time = 3524
it,Energy = 6,2073
E = [0,0,0,0,0,0,0,0,0,0,0,0,0,0,0,0,9,9,55,55,108,108,142,142,101,101,200,200,169,169,155,154,75,75,10,10,9,9,4,4,0,0,0,0,0,0,0,0]
Q = 3884
S = [10,10,10,10,10,10,10,10,10,10,10,10,10,10,10,10,10,10,10,10,10,10,10,10,10,10,10,10,10,10,10,10,10,10,7,2,4,2,4,2,4,4,2,4,2,2,2,4]
Time = 3518
it,Energy = 7,1963
E = [0,0,0,0,0,0,0,0,0,0,0,0,0,0,0,0,9,9,55,55,107,107,142,142,176,176,125,125,166,166,142,142,42,41,6,6,9,9,3,3,0,0,0,0,0,0,0,0]
Q = 3772
S = [10,10,10,10,10,10,10,10,10,10,10,10,10,10,10,10,10,10,10,10,10,10,10,10,10,10,9,9,9,9,9,9,9,7,7,4,4,2,4,2,2,2,2,4,2,2,2,4]
Time = 3533
it,Energy = 8,2008
E = [0,0,0,0,0,0,0,0,0,0,0,0,0,0,0,0,9,9,42,42,112,112,133,133,158,158,162,162,166,166,128,128,71,71,10,10,9,9,4,4,0,0,0,0,0,0,0,0]
Q = 3853
S = [10,10,10,10,10,10,10,10,10,10,10,10,10,10,10,10,10,10,10,10,10,10,10,10,10,10,10,10,10,10,10,10,9,9,2,7,7,4,2,2,2,2,2,4,2,2,2,4]
Time = 3520
it,Energy = 9,1959
E = [0,0,0,0,0,0,0,0,0,0,0,0,0,0,0,0,9,9,51,51,112,112,116,116,135,135,153,153,189,188,131,131,61,61,11,11,9,9,3,3,0,0,0,0,0,0,0,0]
Q = 3766
S = [10,10,10,10,10,10,10,10,10,10,10,10,10,2,10,10,10,10,10,10,10,10,10,10,10,10,10,10,10,10,10,9,9,9,7,2,7,2,4,2,2,2,2,4,2,2,2,4]
Time = 3545

